1.57296e+06
1.56987e+06
1.56061e+06
1.54522e+06
1.52375e+06
1.4963e+06
1.46297e+06
1.4239e+06
1.37922e+06
1.32913e+06
1.27382e+06
1.2135e+06
1.14841e+06
1.07881e+06
1.00498e+06
927197
845774
761029
673295
582919
490255
395667
299528
202215
104111
5601.33
-92926.2
-191085
-288488
-384754
-479503
-572364
-662971
-750968
-836011
-917763
-995905
-1.07013e+06
-1.14014e+06
-1.20568e+06
-1.26647e+06
-1.32227e+06
-1.37288e+06
-1.4181e+06
-1.45773e+06
-1.49164e+06
-1.51968e+06
-1.54175e+06
-1.55776e+06
-1.56765e+06
-1.57138e+06
-1.56893e+06
-1.56032e+06
-1.54557e+06
-1.52476e+06
-1.49796e+06
-1.46527e+06
-1.42683e+06
-1.38278e+06
-1.33331e+06
-1.2786e+06
-1.21887e+06
-1.15436e+06
-1.08532e+06
-1.01202e+06
-934757
-853824
-769546
-682252
-592287
-500004
-405767
-309946
-212918
-115065
-16770.8
81577.8
179594
276893
373092
467813
560684
651340
739425
824594
906511
984855
1.05932e+06
1.12961e+06
1.19545e+06
1.25659e+06
1.31278e+06
1.36381e+06
1.40947e+06
1.44958e+06
1.48399e+06
1.51257e+06
1.5352e+06
1.55179e+06
1.56229e+06
1.56664e+06
1.56484e+06
1.55689e+06
1.54282e+06
1.5227e+06
1.49659e+06
1.46461e+06
1.42688e+06
1.38355e+06
1.33479e+06
1.28079e+06
1.22177e+06
1.15796e+06
1.08961e+06
1.017e+06
940397
860116
776469
689788
600412
508694
414995
319682
223132
125724
27840.7
-70132.7
-167811
-264811
-360751
-455254
-547949
-638472
-726467
-811590
-893507
-971895
-1.04645e+06
-1.11687e+06
-1.1829e+06
-1.24426e+06
-1.30071e+06
-1.35205e+06
-1.39806e+06
-1.43857e+06
-1.47341e+06
-1.50246e+06
-1.5256e+06
-1.54274e+06
-1.55382e+06
-1.55878e+06
-1.55762e+06
-1.55035e+06
-1.53698e+06
-1.51758e+06
-1.49221e+06
-1.461e+06
-1.42405e+06
-1.38151e+06
-1.33356e+06
-1.28037e+06
-1.22217e+06
-1.15919e+06
-1.09166e+06
-1.01987e+06
-944084
-864610
-781759
-695858
-607247
-516272
-423294
-328678
-232795
-136024
-38745.3
58659.1
155806
252314
347804
441900
534234
624443
712172
797078
878828
957102
1.03159e+06
1.10201e+06
1.16807e+06
1.22953e+06
1.28614e+06
1.33767e+06
1.38394e+06
1.42475e+06
1.45996e+06
1.48941e+06
1.51301e+06
1.53066e+06
1.54228e+06
1.54785e+06
1.54733e+06
1.54073e+06
1.52808e+06
1.50943e+06
1.48485e+06
1.45445e+06
1.41835e+06
1.37668e+06
1.32962e+06
1.27735e+06
1.22008e+06
1.15804e+06
1.09146e+06
1.02062e+06
945797
867280
785383
700427
612749
522694
430616
336879
241850
145905
49419.7
-47225.4
-143651
-239477
-334329
-427833
-519622
-609337
-696625
-781144
-862563
-940563
-1.01484e+06
-1.0851e+06
-1.15107e+06
-1.2125e+06
-1.26914e+06
-1.32077e+06
-1.36719e+06
-1.40822e+06
-1.44371e+06
-1.47351e+06
-1.49751e+06
-1.51561e+06
-1.52776e+06
-1.5339e+06
-1.53401e+06
-1.52809e+06
-1.51617e+06
-1.4983e+06
-1.47455e+06
-1.44502e+06
-1.40982e+06
-1.36909e+06
-1.32301e+06
-1.27174e+06
-1.2155e+06
-1.15451e+06
-1.08901e+06
-1.01925e+06
-945524
-868110
-787318
-703467
-616887
-527921
-436917
-344236
-250243
-155306
-59799.8
35900
131417
226377
320406
413134
504200
593244
679918
763882
844808
922379
996291
1.06626e+06
1.132e+06
1.19327e+06
1.24982e+06
1.30144e+06
1.34792e+06
1.38908e+06
1.42476e+06
1.45484e+06
1.47918e+06
1.4977e+06
1.51033e+06
1.51702e+06
1.51774e+06
1.5125e+06
1.50133e+06
1.48426e+06
1.46136e+06
1.43274e+06
1.3985e+06
1.35879e+06
1.31375e+06
1.26358e+06
1.20847e+06
1.14863e+06
1.08432e+06
1.01577e+06
943268
867095
787554
704959
619635
531920
442159
350706
257922
164171
69823.2
-24750.9
-119180
-213091
-306118
-397894
-488059
-576260
-662151
-745397
-825670
-902657
-976058
-1.04559e+06
-1.11097e+06
-1.17195e+06
-1.2283e+06
-1.27979e+06
-1.32623e+06
-1.36743e+06
-1.40323e+06
-1.43351e+06
-1.45814e+06
-1.47702e+06
-1.49009e+06
-1.49731e+06
-1.49863e+06
-1.49407e+06
-1.48364e+06
-1.46739e+06
-1.44538e+06
-1.4177e+06
-1.38448e+06
-1.34583e+06
-1.30191e+06
-1.25291e+06
-1.19901e+06
-1.14044e+06
-1.07741e+06
-1.01019e+06
-939039
-864239
-786087
-704893
-620975
-534667
-446309
-356248
-264841
-172447
-79429.1
13845.7
107011
199701
291552
382202
471297
558488
643432
725797
805262
881515
954259
1.02321e+06
1.0881e+06
1.14868e+06
1.2047e+06
1.25596e+06
1.30225e+06
1.3434e+06
1.37925e+06
1.40966e+06
1.4345e+06
1.4537e+06
1.46718e+06
1.47488e+06
1.47679e+06
1.47289e+06
1.46321e+06
1.44778e+06
1.42668e+06
1.39999e+06
1.36782e+06
1.33029e+06
1.28756e+06
1.2398e+06
1.1872e+06
1.12997e+06
1.06833e+06
1.00255e+06
932861
859557
782925
703266
620898
536144
449340
360828
270957
180081
88558.6
-3250.93
-94986.4
-186287
-276795
-366155
-454016
-540033
-623872
-705202
-783707
-859080
-931026
-999266
-1.06353e+06
-1.12358e+06
-1.17917e+06
-1.23009e+06
-1.27614e+06
-1.31715e+06
-1.35295e+06
-1.38341e+06
-1.40842e+06
-1.42788e+06
-1.44171e+06
-1.44988e+06
-1.45234e+06
-1.44909e+06
-1.44015e+06
-1.42556e+06
-1.40539e+06
-1.3797e+06
-1.34862e+06
-1.31226e+06
-1.27077e+06
-1.22431e+06
-1.17308e+06
-1.11729e+06
-1.05714e+06
-992880
-924769
-853075
-778082
-700087
-619400
-536339
-451232
-364415
-276231
-187027
-97155.1
-6968.25
83178.7
172931
261938
349848
436318
521008
603588
683735
761134
835485
906497
973894
1.03741e+06
1.09681e+06
1.15185e+06
1.20232e+06
1.24804e+06
1.28881e+06
1.32449e+06
1.35494e+06
1.38004e+06
1.3997e+06
1.41385e+06
1.42243e+06
1.42542e+06
1.42281e+06
1.41461e+06
1.40086e+06
1.38161e+06
1.35696e+06
1.32699e+06
1.29184e+06
1.25163e+06
1.20655e+06
1.15676e+06
1.10246e+06
1.04388e+06
981245
914805
844826
771584
695370
616487
535247
451969
366985
280628
193240
105164
16748.1
-71661
-159716
-247070
-333381
-418311
-501527
-582704
-661523
-737678
-810872
-880818
-947246
-1.0099e+06
-1.06853e+06
-1.12291e+06
-1.17284e+06
-1.21811e+06
-1.25856e+06
-1.29404e+06
-1.3244e+06
-1.34953e+06
-1.36934e+06
-1.38375e+06
-1.39272e+06
-1.3962e+06
-1.3942e+06
-1.38672e+06
-1.37381e+06
-1.3555e+06
-1.33189e+06
-1.30307e+06
-1.26915e+06
-1.23027e+06
-1.1866e+06
-1.13831e+06
-1.08558e+06
-1.02864e+06
-967707
-903026
-834855
-763465
-689139
-612173
-532870
-451544
-368518
-284118
-198678
-112535
-26026.7
60505.5
146722
232284
316855
400106
481708
561344
638702
713480
785387
854143
919480
981145
1.0389e+06
1.09252e+06
1.1418e+06
1.18654e+06
1.22659e+06
1.26177e+06
1.29197e+06
1.31707e+06
1.33697e+06
1.35159e+06
1.3609e+06
1.36485e+06
1.36343e+06
1.35666e+06
1.34457e+06
1.3272e+06
1.30464e+06
1.27698e+06
1.24432e+06
1.20681e+06
1.16459e+06
1.11784e+06
1.06674e+06
1.0115e+06
952339
889494
823216
753767
681425
606476
529216
449953
369000
286675
203305
119218
34744.4
-49782.7
-134031
-217670
-300372
-381812
-461672
-539639
-615409
-688686
-759185
-826631
-890763
-951331
-1.0081e+06
-1.06086e+06
-1.10939e+06
-1.15351e+06
-1.19306e+06
-1.22789e+06
-1.25785e+06
-1.28285e+06
-1.30277e+06
-1.31756e+06
-1.32716e+06
-1.33154e+06
-1.33068e+06
-1.32459e+06
-1.31331e+06
-1.29688e+06
-1.27537e+06
-1.24887e+06
-1.21749e+06
-1.18137e+06
-1.14064e+06
-1.09547e+06
-1.04604e+06
-992555
-935227
-874284
-809970
-742542
-672266
-599423
-524302
-447199
-368421
-288278
-207087
-125168
-42843.9
39561.5
121724
203322
284033
363544
441541
517720
591785
663445
732422
798447
861265
920632
976318
1.02811e+06
1.0758e+06
1.11922e+06
1.1582e+06
1.19258e+06
1.22223e+06
1.24706e+06
1.26696e+06
1.28186e+06
1.2917e+06
1.29647e+06
1.29613e+06
1.2907e+06
1.28021e+06
1.2647e+06
1.24423e+06
1.21891e+06
1.18882e+06
1.15409e+06
1.11487e+06
1.07131e+06
1.0236e+06
971910
916463
857477
795189
729846
661709
591049
518147
443291
366777
288909
209994
130343
50270.4
-29908.9
-109880
-189328
-267941
-345413
-421439
-495722
-567973
-637909
-705259
-769760
-831164
-889230
-943737
-994472
-1.04124e+06
-1.08387e+06
-1.12218e+06
-1.15605e+06
-1.18533e+06
-1.20992e+06
-1.22973e+06
-1.24468e+06
-1.25473e+06
-1.25984e+06
-1.25999e+06
-1.25518e+06
-1.24546e+06
-1.23085e+06
-1.21142e+06
-1.18726e+06
-1.15846e+06
-1.12514e+06
-1.08744e+06
-1.04552e+06
-999533
-949677
-896149
-839164
-778949
-715747
-649807
-581394
-510779
-438241
-364069
-288556
-212001
-134704
-56972.3
20889.4
98574.7
175778
252198
327533
401490
473779
544118
612233
677860
740743
800638
857313
910551
960145
1.00591e+06
1.04766e+06
1.08524e+06
1.11851e+06
1.14735e+06
1.17164e+06
1.1913e+06
1.20626e+06
1.21645e+06
1.22186e+06
1.22245e+06
1.21824e+06
1.20925e+06
1.19552e+06
1.17711e+06
1.1541e+06
1.12658e+06
1.09467e+06
1.0585e+06
1.01822e+06
973984
925978
874395
819441
761337
700316
636620
570504
502231
432071
360303
287212
213085
138217
62900.9
-12565
-87884.5
-162762
-236902
-310017
-381818
-452026
-520367
-586574
-650391
-711568
-769870
-825071
-876957
-925330
-970003
-1.01081e+06
-1.04758e+06
-1.0802e+06
-1.10852e+06
-1.13245e+06
-1.1519e+06
-1.1668e+06
-1.17709e+06
-1.18275e+06
-1.18374e+06
-1.18009e+06
-1.1718e+06
-1.15892e+06
-1.1415e+06
-1.11962e+06
-1.09337e+06
-1.06286e+06
-1.02821e+06
-989567
-947086
-900941
-851317
-798414
-742444
-683632
-622213
-558431
-492541
-424805
-355490
-284872
-213231
-140848
-68011
4994.69
77881.4
150363
222154
292974
362546
430599
496865
561088
623018
682414
739046
792696
843156
890233
933746
973529
1.00943e+06
1.04132e+06
1.06906e+06
1.09257e+06
1.11175e+06
1.12654e+06
1.13688e+06
1.14273e+06
1.14408e+06
1.14094e+06
1.13332e+06
1.12125e+06
1.10479e+06
1.08402e+06
1.05901e+06
1.02987e+06
996732
959720
918987
874700
827038
776193
722369
665782
606658
545234
481754
416472
349645
281539
212424
142573
72260.8
1765.83
-68635
-138665
-208049
-276516
-343797
-409630
-473758
-535931
-595907
-653455
-708350
-760381
-809348
-855062
-897349
-936047
-971008
-1.0021e+06
-1.02921e+06
-1.05224e+06
-1.07109e+06
-1.0857e+06
-1.09603e+06
-1.10203e+06
-1.1037e+06
-1.10102e+06
-1.09401e+06
-1.08272e+06
-1.06718e+06
-1.04748e+06
-1.02368e+06
-995899
-964241
-928839
-889838
-847397
-801688
-752895
-701214
-646854
-590032
-530975
-469919
-407106
-342787
-277217
-210655
-143365
-75612.4
-7664.3
60211.7
127749
194682
260748
325690
389253
451190
511258
569226
624867
677967
728321
775735
820026
861026
898578
932539
962782
989193
1.01167e+06
1.03014e+06
1.04453e+06
1.05479e+06
1.06089e+06
1.06281e+06
1.06054e+06
1.05411e+06
1.04354e+06
1.02889e+06
1.01021e+06
987590
961121
930914
897092
859796
819177
775399
728640
679089
626945
572416
515722
457088
396748
334943
271917
207921
143207
78031.9
12652.2
-52674.3
-117691
-182142
-245776
-308342
-369597
-429301
-487223
-543137
-596826
-648082
-696708
-742517
-785333
-824992
-861343
-894249
-923584
-949241
-971122
-989150
-1.00326e+06
-1.0134e+06
-1.01953e+06
-1.02165e+06
-1.01975e+06
-1.01383e+06
-1.00394e+06
-990118
-972421
-950929
-925730
-896931
-864650
-829020
-790187
-748309
-703555
-656106
-606153
-553897
-499547
-443320
-385441
-326140
-265653
-204219
-142083
-79489.1
-16685.1
46081.6
108564
170517
231698
291866
350787
408231
463975
517801
569501
618875
665733
709894
751189
789460
824562
856361
884738
909586
930815
948345
962116
972077
978197
980458
978857
973407
964136
951087
934317
913898
889918
862476
831686
797675
760582
720559
677767
632380
584582
534563
482525
428676
373231
316412
258443
199555
139982
79958.6
19722.8
-40488.3
-100438
-159890
-218611
-276372
-332947
-388114
-441660
-493376
-543062
-590525
-635582
-678061
-717797
-754640
-788450
-819097
-846468
-870459
-890983
-907964
-921341
-931069
-937114
-939460
-938104
-933057
-924345
-912010
-896105
-876700
-853878
-827733
-798375
-765924
-730515
-692291
-651408
-608032
-562337
-514508
-464737
-413222
-360171
-305795
-250309
-193935
-136897
-79418.9
-21729.4
35944.4
93375.3
150338
206608
261965
316193
369081
420421
470016
517672
563205
606439
647209
685357
720739
753220
782676
808997
832086
851856
868236
881167
890605
896517
898888
897714
893006
884789
873101
857995
839536
817803
792887
764893
733936
700142
663652
624612
583181
539528
493827
446263
397027
346315
294329
241278
187372
132825
77853.2
22673.7
-32495.4
-87436.7
-141934
-195774
-248744
-300638
-351254
-400394
-447867
-493488
-537083
-578481
-617524
-654063
-687958
-719079
-747310
-772545
-794688
-813659
-829389
-841821
-850912
-856633
-858967
-857911
-853475
-845683
-834573
-820192
-802605
-781887
-758124
-731416
-701875
-669620
-634785
-597512
-557951
-516264
-472619
-427190
-380161
-331720
-282060
-231380
-179882
-127769
-75249.1
-22529.5
30181.4
82675.7
134747
186190
236804
286389
334754
381709
427071
470664
512321
551879
589188
624103
656492
686231
713208
737322
758482
776612
791644
803526
812216
817686
819920
818915
814682
807243
796634
782901
766106
746319
723626
698120
669907
639104
605838
570243
532466
492658
450981
407604
362699
316448
269035
220649
171484
121735
71599.2
21275.3
-29037.6
-79141
-128837
-177932
-226231
-273546
-319692
-364489
-407762
-449345
-489074
-526798
-562372
-595657
-626529
-654868
-680569
-703534
-723678
-740926
-755217
-766499
-774733
-779893
-781963
-780942
-776839
-769677
-759489
-746321
-730231
-711288
-689572
-665175
-638197
-608749
-576954
-542941
-506848
-468822
-429016
-387592
-344717
-300561
-255302
-209121
-162203
-114733
-66900.3
-18894.9
29093.4
76875.1
124262
171067
217107
262201
306172
348850
390068
429666
467490
503394
537240
568899
598249
625178
649585
671378
690475
706807
720315
730949
738674
743464
745307
744199
740153
733188
723338
710647
695171
676977
656141
632751
606905
578708
548277
515737
481220
444867
406824
367246
326291
284125
240916
196837
152065
106777
61154.4
15377.2
-30372.8
-75914.8
-121069
-165657
-209505
-252439
-294292
-334901
-374106
-411756
-447705
-481813
-513950
-543991
-571822
-597336
-620439
-641041
-659068
-674451
-687136
-697077
-704241
-708603
-710153
-708889
-704821
-697972
-688373
-676068
-661110
-643564
-623504
-601015
-576189
-549130
-519948
-488765
-455706
-420906
-384506
-346654
-307502
-267207
-225932
-183841
-141103
-97887.7
-54368
-10716.4
32893.8
76290.1
119301
161757
203490
244338
284139
322739
359986
395735
429848
462193
492645
521086
547408
571511
593303
612702
629636
644043
655869
665074
671626
675502
676695
675202
671037
664219
654781
642766
628226
611222
591828
570125
546203
520160
492105
462152
430424
397049
362163
325907
288428
249876
210407
170178
129350
88086.7
46552.4
4912.29
-36668.3
-78024.7
-118993
-159412
-199122
-237966
-275793
-312454
-347806
-381711
-414038
-444660
-473460
-500327
-525157
-547856
-568339
-586526
-602352
-615757
-626692
-635120
-641010
-644345
-645115
-643322
-638979
-632107
-622739
-610915
-596687
-580117
-561274
-540237
-517095
-491942
-464882
-436026
-405492
-373405
-339894
-305096
-269150
-232202
-194400
-155897
-116845
-77401.6
-37723.9
2030.16
41702.5
81135.5
120173
158661
196447
233383
269323
304126
337656
369782
400379
429329
456518
481843
505205
526516
545694
562668
577373
589756
599771
607382
612564
615301
615585
613421
608821
601807
592413
580679
566657
550405
531994
511499
489007
464609
438407
410508
381026
350081
317798
284309
249748
214256
177974
141049
103629
65863.5
27903.2
-10100.4
-47995.9
-85632.7
-122862
-159535
-195508
-230639
-264789
-297823
-329614
-360035
-388969
-416303
-441930
-465752
-487676
-507620
-525506
-541268
-554846
-566189
-575257
-582016
-586446
-588530
-588266
-585658
-580721
-573478
-563961
-552214
-538286
-522237
-504134
-484052
-462075
-438294
-412807
-385717
-357136
-327180
-295971
-263635
-230302
-196108
-161191
-125689
-89746.9
-53507.4
-17116
19282.3
55542.1
91519.3
127071
162056
196335
229774
262239
293605
323746
352545
379889
405672
429793
452158
472682
491285
507897
522453
534900
545191
553289
559165
562798
564178
563304
560181
554827
547265
537531
525665
511719
495751
477829
458028
436428
413120
388198
361765
333929
304804
274506
243160
210892
177832
144113
109872
75245.2
40372.1
5392.27
-29554.4
-64328.5
-98791.2
-132805
-166236
-198950
-230818
-261714
-291517
-320107
-347374
-373210
-397514
-420191
-441153
-460318
-477614
-492973
-506336
-517654
-526884
-533993
-538954
-541752
-542378
-540832
-537125
-531274
-523306
-513254
-501164
-487086
-471078
-453208
-433551
-412186
-389202
-364694
-338760
-311508
-283048
-253495
-222970
-191595
-159497
-126807
-93654.6
-60174.2
-26499.9
7233.15
40890
74335.9
107437
140062
172081
203366
233793
263241
291595
318741
344572
368988
391891
413194
432811
450667
466693
480827
493014
503209
511374
517477
521497
523422
523245
520971
516610
510184
501720
491255
478833
464507
448336
430387
410736
389461
366651
342399
316804
289970
262006
233025
203146
172488
141176
109336
77096.2
44586.2
11936.7
-20721.2
-53256.6
-85539
-117440
-148831
-179587
-209586
-238708
-266837
-293862
-319676
-344177
-367266
-388855
-408857
-427195
-443796
-458595
-471536
-482569
-491651
-498749
-503834
-506891
-507907
-506883
-503823
-498742
-491663
-482616
-471640
-458780
-444091
-427632
-409473
-389687
-368356
-345567
-321412
-295991
-269406
-241765
-213181
-183769
-153648
-122939
-91767
-60257.1
-28536
3268.41
35028.5
66616.7
97906.4
128772
159090
188740
217602
245562
272507
298332
322932
346211
368075
388439
407222
424350
439755
453377
465162
475066
483050
489083
493143
495215
495292
493377
489477
483611
475804
466088
454504
441101
425933
409063
390560
370500
348964
326041
301823
276409
249902
222409
194042
164915
135146
104855
74164.7
43198.3
12080.6
-19063.1
-50107.5
-80927.9
-111400
-141403
-170815
-199518
-227398
-254343
-280246
-305002
-328513
-350685
-371430
-390665
-408314
-424307
-438580
-451077
-461749
-470554
-477458
-482434
-485463
-486534
-485644
-482797
-478007
-471293
-462683
-452214
-439928
-425876
-410116
-392711
-373732
-353257
-331369
-308156
-283713
-258139
-231537
-204015
-175683
-146658
-117054
-86992.8
-56594.6
-25982.1
4721.31
35392.1
65906.7
96142.3
125977
155292
183968
211891
238948
265031
290035
313860
336411
357596
377331
395538
412143
427080
440290
451720
461324
469065
474911
478840
480837
480894
479011
475197
469467
461846
452363
441059
427978
413175
396708
378646
359060
338031
315642
291986
267156
241254
214384
186654
158177
129067
99440.6
69418.6
39121.4
8671.24
-21809.3
-52197.4
-82370.7
-112208
-141588
-170394
-198508
-225819
-252216
-277593
-301848
-324882
-346604
-366926
-385767
-403049
-418705
-432670
-444889
-455313
-463899
-470613
-475428
-478325
