0.00162663 0.00378549
0.00136883 9.63656e-05
0.00188022 0.00061395
0.00135928 0.000955958
0.00189496 0.000808584
0.00166579 0.0017553
0.00179619 0.00125381
0.00195286 0.00229357
0.00180207 0.00217267
0.00213774 0.00282823
0.00211488 0.00319621
0.00258831 0.00370496
0.00242914 0.00413577
0.00305843 0.00485904
0.00281812 0.00571072
0.00356694 0.00605315
0.00383947 0.00731228
0.00409308 0.00822068
0.00470077 0.00942114
0.00557136 0.0110962
0.00610781 0.013002
0.00687095 0.0147514
0.00853006 0.017535
0.00941459 0.0208754
0.0114691 0.0246097
0.0135601 0.0302435
0.0166374 0.0363432
0.0203604 0.0450891
0.0255395 0.0567625
0.0323105 0.0725089
0.042158 0.0945076
0.0570467 0.126906
0.0774945 0.174926
0.112127 0.252027
0.169013 0.380917
0.273521 0.615592
0.485314 1.09388
0.992871 2.23829
2.58835 5.8353
11.5429 26.0249
-249.054 -561.537
410.471 925.479
-166.877 -376.253
-7.07797 -15.9588
-1.94002 -4.3746
-0.806328 -1.81811
-0.411508 -0.928619
-0.238722 -0.538174
-0.15045 -0.339756
-0.101077 -0.228035
-0.0709821 -0.161085
-0.0519842 -0.117092
-0.0391791 -0.0884465
-0.0301621 -0.0683762
-0.0236543 -0.0537061
-0.0190108 -0.0430974
-0.0155845 -0.0351856
-0.0124401 -0.0290421
-0.0111377 -0.0241837
-0.00846235 -0.0205705
-0.0079014 -0.0171238
-0.0064897 -0.0152372
-0.00567131 -0.0128885
-0.00483054 -0.0111053
-0.0042713 -0.0100383
-0.00385297 -0.00874703
-0.0031882 -0.00760759
-0.00322609 -0.00691527
-0.00239771 -0.00621377
-0.00253866 -0.00534561
-0.00197138 -0.00526661
-0.00199926 -0.00426495
-0.00183762 -0.00416429
-0.0014403 -0.00363531
-0.00144674 -0.00365393
-0.001211 -0.00284073
-0.00150216 -0.00307312
-0.000752712 -0.00255341
-0.00145529 -0.00239259
-0.000571162 -0.00229037
-0.000987693 -0.00203407
-0.000884734 -0.00194488
-0.000622541 -0.00186943
-0.000650888 -0.00176321
-0.000715947 -0.00125681
-0.000569398 -0.00181439
-0.000543952 -0.00115872
-0.000622836 -0.0015034
-0.000373978 -0.00101562
-0.000612565 -0.00115372
-0.000232464 -0.00101727
-0.000515673 -0.00107531
-0.000242517 -0.00106111
-0.000613234 -0.000745931
-9.52209e-05 -0.000990232
-0.000386865 -0.000692926
-0.000368216 -0.000970907
-0.000157302 -0.000530315
-0.000429531 -0.000746326
-0.000197798 -0.000563176
-0.000135476 -0.000800831
-0.000188607 -0.000535947
-0.000402141 -0.000515542
-0.000152766 -0.000728715
-0.000195963 -0.000195009
-7.99458e-05 -0.000823858
-0.000254595 -0.000206926
-0.000231852 -0.000604009
-0.000101081 -0.000393851
-0.000112144 -0.000358751
-0.000286349 -0.000447717
-7.51601e-06 -0.000562622
1.08157e-05 -0.000325232
-0.000617409 -4.43221e-05
0.000317171 -0.000695955
-0.000232986 -4.2946e-07
-0.000155858 -0.000583151
-6.88615e-05 -0.000160112
-2.685e-05 -0.000372402
-0.000233678 -0.000207978
2.61231e-05 -0.000465417
-8.51335e-05 -9.68648e-05
-0.000554538 -0.000351625
0.000589083 -0.000153711
-0.000489515 -0.000170437
0.000120267 -0.00034341
-0.000175538 -0.000196081
2.34084e-05 -0.000267437
-0.000106583 9.00329e-06
-0.000116725 -0.000458839
-0.000144499 4.22841e-05
-2.02195e-05 -0.0006316
0.000155596 0.000251552
-0.00041654 -0.000311847
0.000177668 -3.17765e-05
4.29026e-05 -0.000387377
-0.000229372 -0.000106891
-6.33989e-05 -0.000151864
5.25457e-06 -0.000163602
-1.29077e-05 1.35391e-07
-0.000106807 -0.000365962
-4.4021e-06 -1.42887e-05
-0.000137883 -0.000175788
7.78154e-05 -5.84765e-05
2.91728e-05 -0.000140572
-0.000232855 -0.000253177
0.000111154 -6.46218e-05
-0.000192265 -0.000123382
-8.15393e-05 -8.67125e-06
0.000191996 -0.00030065
-3.83617e-05 0.000144476
-0.000168239 -0.000431474
0.000100605 0.000208577
-0.000121181 -0.000198169
5.37394e-05 -0.000172962
-0.00033406 -0.000191835
0.000352108 0.000137365
-0.000324627 -0.000202423
0.000166491 -0.000145208
-1.6741e-05 6.60977e-05
-5.80797e-07 -0.000287191
-0.000131488 0.000231587
-7.59173e-05 -0.000344631
9.96459e-05 -0.000185133
-0.000110117 7.64054e-05
8.0973e-05 -5.82783e-05
-8.52097e-05 -0.000104926
-7.88417e-06 2.66304e-05
-0.000129154 -9.03832e-05
0.000148174 -0.000191521
-0.000122063 -3.44783e-05
0.000130902 -0.000114884
-0.000218694 -7.38625e-05
0.000163599 6.60973e-05
-0.000213286 -7.03528e-05
6.74073e-05 -0.000231216
0.000109668 0.000185104
-0.000336576 -0.000271512
0.000357259 0.000121455
-0.00024796 -0.000129842
9.37216e-05 -0.0002214
-3.89469e-05 -7.15581e-06
-6.44317e-05 0.000166256
4.13023e-05 -0.000163415
-2.66988e-05 -0.000103319
-3.00883e-05 9.09681e-05
7.13394e-05 -0.000349721
-0.000145686 0.00034856
-3.13988e-05 -0.000270957
0.000149532 -0.000194322
1.64522e-05 0.000223598
-0.000234407 -0.000134425
6.76824e-05 -0.000106241
0.000124665 -3.57502e-05
-0.000260474 0.000224245
0.000301289 -0.000498742
-0.000151926 0.000300217
-9.36122e-05 -0.000294755
6.14085e-05 0.000127626
1.79046e-05 2.67705e-05
-3.77257e-05 -0.000127356
-4.55523e-05 -0.000135846
7.10874e-06 0.000151398
-0.00029281 -5.45571e-05
0.000727139 -0.000277979
-0.000475937 0.000196475
-5.64729e-05 -0.000239402
5.58761e-05 0.000198186
-2.20067e-05 -6.94874e-05
-2.15281e-05 -0.00010286
5.97457e-05 -0.00014167
-4.43911e-05 0.000182869
-0.000159667 -0.000143202
0.000458756 5.0938e-05
-0.000380473 -0.000153273
-6.97966e-05 -0.000102851
0.000149911 0.000133796
-1.13571e-05 3.15883e-05
-7.37626e-05 -0.0001911
0.000132116 3.05384e-05
-4.4213e-05 7.56666e-05
-0.000240883 -0.000303161
0.000309685 0.000378491
-0.000267827 -0.000341826
0.000208991 -5.03356e-06
-9.19644e-05 0.000130239
-6.91666e-05 -0.000104352
8.45372e-05 -1.67587e-05
3.41632e-06 -7.86698e-05
-8.80532e-05 4.70998e-05
1.53793e-06 -0.000204213
9.45569e-05 0.000237407
-0.000109052 -0.000174591
0.000121252 5.85459e-05
-0.000162872 -8.29692e-05
4.55059e-05 -5.22133e-05
1.17562e-05 5.92895e-05
1.67861e-05 -3.3952e-05
1.70952e-05 -6.40597e-06
8.76168e-05 -0.000120939
-0.000201775 0.000102954
-4.92288e-06 -0.000196307
0.000146611 0.000115577
-0.000245704 -5.37664e-05
0.000179443 5.15256e-05
-4.28243e-06 -8.13429e-05
7.10475e-05 4.04885e-05
-0.000183385 -0.000111766
0.00020101 6.09067e-05
-0.000169547 -4.14223e-05
8.5936e-05 -0.000180818
-0.000131629 0.000182468
2.63063e-05 -0.000178661
2.15889e-05 0.000213309
0.000134825 -0.00013365
-8.82924e-05 5.0225e-06
-0.000101457 -0.000117563
0.000105561 8.91815e-05
-8.95589e-05 1.795e-05
0.00027048 -0.000248816
-0.000461818 0.000218648
0.00020645 -0.000211123
2.61274e-05 0.000229765
5.66876e-05 -0.000163444
-0.00011801 3.49336e-05
7.63716e-05 -0.000142075
8.79615e-05 0.000211857
-0.000298073 -0.000286847
0.000324175 0.000224682
-0.000347929 -0.000130228
0.000303597 -2.5602e-05
-4.08681e-05 9.80953e-05
-0.000177125 -0.00016662
0.00017295 7.58813e-05
-1.61386e-05 3.67704e-07
-0.000103783 9.2098e-05
-0.000158986 -0.000473437
0.000248816 0.000495462
-9.53187e-06 -0.000166552
6.06297e-06 -2.912e-05
-5.25122e-05 1.86325e-05
-4.44521e-05 -7.3641e-05
-1.63602e-06 1.41328e-05
0.000131135 -1.66645e-05
-0.000154998 -1.31751e-05
8.63467e-05 -0.0003838
-0.000126317 0.000723282
8.65832e-05 -0.000378836
2.07632e-05 -2.50608e-05
5.59471e-05 -4.05818e-05
-0.000108071 7.25573e-05
-5.92853e-05 -8.9918e-05
0.000250536 7.79842e-05
-0.000239371 -9.79862e-05
0.000244279 -6.65874e-05
-0.000522656 0.000280148
0.000434875 -0.000323792
-9.63557e-06 0.000176235
-0.000127846 1.81195e-07
4.27603e-05 -0.000210893
7.07611e-05 8.06312e-05
-8.56407e-05 9.89105e-05
-0.000105389 -9.10295e-05
0.000293532 -4.16297e-05
-0.000415215 2.03549e-05
0.000383695 -2.39299e-05
-0.000224342 6.80493e-05
6.76193e-05 -2.97869e-05
6.29717e-05 -6.51609e-05
-4.9628e-05 -7.19911e-05
-7.15433e-05 0.000147568
-5.00846e-05 -0.000165855
0.000287975 0.000173792
-0.000276601 -0.000137741
0.000127315 -8.52051e-06
-0.000122906 0.000114551
0.000111128 -0.000220827
4.89514e-05 0.000163953
-0.000153423 -0.000161251
3.10776e-05 0.000190745
1.63301e-05 -0.000275018
5.54092e-05 0.000420479
-0.000128086 -0.000373736
0.000222581 0.000138846
-0.000269397 -9.44535e-05
0.000292359 3.66854e-05
-0.000126599 -2.10537e-05
-1.45813e-05 -1.92532e-05
-0.00021471 7.47668e-05
0.000272433 -0.000168868
-0.00016529 0.00019816
0.000147986 -0.000207014
-6.20055e-05 0.000243088
-1.78887e-05 -0.00022139
0.000133097 0.000101696
-0.000157377 -0.000146903
-2.00665e-05 0.000142024
-1.8548e-06 -0.000134876
0.000108961 0.000131822
-0.000109972 -8.71367e-05
0.000118907 -7.11496e-05
-0.000157545 0.000249393
0.000134806 -0.000293389
3.99519e-06 0.000192318
-3.31364e-05 -0.000185351
-9.65976e-05 8.75979e-05
6.20298e-05 -1.35751e-05
7.40116e-05 5.11809e-05
-0.000183174 -6.95495e-05
0.000281751 -4.98808e-05
-0.000310751 8.51506e-05
0.000256566 -0.000105158
-0.000125628 0.000144332
-7.00341e-06 -0.000163312
4.49035e-06 4.02181e-05
3.67914e-05 3.00242e-05
-6.97483e-05 9.25856e-05
-9.1213e-05 -0.000187629
0.000478504 8.76636e-05
-0.000510388 -6.41748e-05
0.000225175 -1.03529e-05
-0.000154237 8.04704e-05
0.000137853 -9.09745e-05
-5.49852e-05 3.88841e-05
-2.97349e-05 -5.63883e-05
-2.03632e-06 9.3681e-05
3.39762e-05 -0.0001247
0.000242479 0.000371786
-0.000380223 -0.000548244
0.000176719 0.000163821
-7.53452e-05 6.86738e-05
5.93344e-05 1.01528e-05
-6.49989e-05 -3.47934e-05
8.29784e-05 -5.2165e-05
-9.4862e-05 9.99191e-05
6.96864e-05 -7.39284e-05
-5.63531e-05 0.000283165
0.000107589 -0.000621294
-1.03344e-05 0.000392679
-9.84268e-05 -3.21426e-05
-1.78402e-06 -2.53445e-05
-8.88314e-07 -4.17996e-05
0.000132191 8.08265e-05
-0.000211981 -2.45842e-05
0.000211007 -0.000157166
-0.00021516 0.000231179
0.000258016 -0.000218409
-0.00015686 0.000173616
-1.2627e-05 -0.000131169
4.12926e-05 2.86948e-06
-6.4065e-05 2.98903e-05
9.49764e-05 8.84344e-05
-6.94222e-05 -0.000137255
0.00017733 4.33207e-05
-0.000348188 -2.8118e-05
0.000273442 -1.28225e-05
-0.000109793 0.000116977
2.95605e-05 -0.000208702
3.16978e-05 0.000114961
-8.73504e-05 6.817e-06
7.28772e-05 0.000113132
-2.00455e-05 -0.000232388
0.000114892 0.000151533
-0.000237725 -0.000166965
0.000198787 4.62994e-05
-0.000148828 8.87706e-05
0.000155812 -0.000112444
-0.000166094 0.000195592
6.34511e-05 -0.000160715
2.68694e-06 0.000124507
3.77083e-05 -0.000253738
6.54941e-07 0.000243057
-1.83522e-05 -0.000231163
0.000118644 0.000179316
-0.000278795 -0.000102983
0.000227689 5.07813e-05
-0.000233255 2.04779e-05
0.000216297 1.31711e-05
-2.31934e-05 -0.000112631
8.41276e-05 2.28866e-05
-0.000269349 0.00010192
0.000185445 -0.000111016
4.53133e-05 0.000107146
-0.000198305 -0.000226579
0.000147223 0.00020154
-0.000103056 -6.82133e-05
7.43432e-05 9.90411e-07
4.71212e-05 -7.77463e-06
-3.33887e-05 -6.39157e-06
-0.000128679 8.49715e-05
0.000163654 -0.000247299
-0.000100853 0.000321859
6.4726e-05 -0.00033966
6.69932e-05 0.000332299
-0.000142595 -0.000192755
6.11921e-05 1.45575e-05
3.59466e-05 -3.83585e-05
-0.000127283 0.000163542
8.52239e-05 -0.00018758
0.000210004 -6.98944e-05
-0.000503056 0.000276995
0.000340103 -0.000181482
-3.01856e-05 7.68608e-05
-3.73647e-05 -0.000175108
4.41282e-05 0.000186555
-7.95303e-06 -5.19705e-06
2.17763e-05 -8.43876e-05
1.3902e-05 -2.38399e-07
2.84318e-05 1.52804e-05
-0.000498411 -9.91379e-05
0.000564489 0.000141199
-0.000122039 1.43949e-06
-3.40102e-05 -8.75478e-05
2.17805e-05 3.31066e-05
3.6247e-05 -7.85493e-05
-7.02369e-05 0.000161105
2.35801e-05 -0.000107252
0.000115123 0.000113687
-0.000376644 -0.000443865
0.000315795 0.000559375
-4.19946e-05 -0.000179683
-3.1297e-05 -4.30369e-05
-4.31735e-05 -2.38296e-05
8.8342e-05 -3.60639e-05
-0.000123585 9.23043e-05
0.000107056 -0.000117653
9.65615e-05 0.000151724
-0.000134514 -0.000260937
-1.59491e-05 0.000268515
-2.44124e-05 -0.000116456
0.000118037 1.55526e-05
-4.38946e-05 7.50035e-05
-9.06697e-08 -0.000163231
-6.10802e-05 7.60812e-06
8.12475e-05 0.000125308
-0.000165999 1.6781e-05
0.000277389 -9.00357e-05
-0.00017772 -5.86494e-05
1.72148e-05 1.98964e-05
1.77747e-05 0.000150772
-5.46259e-07 -3.91819e-05
-0.000113704 -0.000128546
0.000116048 -2.08275e-05
-3.44328e-05 1.26021e-05
-0.000100314 0.000122292
0.000290022 -7.45393e-05
-0.00023314 9.45193e-05
0.000127336 -0.000321838
5.23191e-06 0.00050729
-0.000216591 -0.000346094
0.000215245 -5.03576e-05
8.36887e-05 6.6581e-05
-0.000313769 6.95992e-05
0.000174729 -5.58426e-06
-1.74272e-05 1.63037e-05
-0.000173999 8.68934e-05
0.000377084 -0.000287017
-0.000333591 0.000201613
0.000262805 -0.000100322
-0.000115308 6.37605e-05
2.46852e-05 -0.000165758
-0.000172174 0.000236756
0.000138405 -0.000159563
-2.73979e-05 6.32603e-05
-5.69926e-05 8.41631e-05
0.000208178 -8.92435e-05
-0.000211277 0.000131553
0.00015588 -0.000323184
7.79274e-05 0.000284368
-0.000248884 -8.12526e-05
-3.73359e-05 -0.000115873
0.000171801 4.08118e-05
0.000171389 0.000193899
-0.000594165 -0.000257566
0.000796925 0.000231763
-0.000632242 -5.90009e-05
0.000207087 -0.000367917
3.39373e-05 0.000631371
2.00617e-05 -0.000579576
-0.000189075 0.000366474
0.000190785 -0.000293034
-8.78235e-05 0.000387119
-3.05116e-05 -0.00038871
0.000324869 0.000375432
-0.000381164 -0.000464608
0.00029584 0.000450241
-0.000309573 -0.000347566
0.000194124 0.000385214
-8.69466e-05 -0.000406716
-9.69249e-05 0.000306154
-7.19754e-05 -0.000236151
0.000579231 -2.93623e-05
-0.000469481 0.000149915
8.57118e-05 -0.000105803
9.84153e-05 0.000129742
-7.63274e-05 1.29566e-05
-0.000160346 2.49937e-06
8.62907e-05 -0.000190866
6.35971e-05 6.18103e-05
-3.26187e-05 0.000110451
0.000578077 -0.000135903
-0.0009264 -7.36043e-05
0.000121916 0.000274745
0.000395717 -0.00012907
-2.68075e-05 0.000127712
-0.000114571 -0.000291823
0.00012506 8.50036e-05
-0.000389227 0.000134875
0.000255046 -8.99895e-05
8.93222e-05 0.000168069
-0.000241083 -0.000111534
0.000360247 -9.89446e-05
-0.000202059 -3.81493e-05
-0.000113062 8.13049e-05
0.000145114 0.000149577
0.000104942 -0.000201352
-0.000142475 5.24045e-05
0.000154321 -0.000158238
-0.000134938 0.000466845
-0.000309674 -0.000569722
0.000339205 0.000312129
0.000145288 8.9174e-05
-0.000465501 -0.000166214
0.000298649 4.1336e-05
-4.34876e-05 -2.76546e-05
0.000180088 -7.83924e-08
-0.000178577 -0.000259285
1.51517e-05 0.000564972
-7.42195e-05 -0.000362511
-0.000100221 -3.69682e-05
0.000365898 0.00014449
-0.000201157 1.23023e-05
-0.000192361 -0.000412157
0.00033746 0.000601921
-4.41583e-05 -0.000196396
-1.56412e-05 -7.58281e-05
-0.0002634 -5.70693e-05
0.000218361 -0.000110396
-3.11736e-05 0.000327235
-0.000289228 -0.000239458
0.000495651 0.000252179
-0.00026788 -0.000181136
0.000342029 1.52529e-05
-0.000532743 -0.000239715
0.000582717 0.000652397
-0.000568365 -0.000456018
0.000475439 -0.000129937
-0.000656017 0.000214731
0.000554331 -0.000120602
-0.000112428 5.1573e-05
5.69342e-05 -6.98277e-05
-3.90615e-05 0.000347052
-5.48916e-05 -0.000330389
-0.000104137 -0.000151067
0.000107836 0.000250962
1.95996e-05 0.000106901
-5.60122e-05 -4.51554e-05
0.00035896 -0.000481232
-0.000695642 0.000758714
0.000614803 -0.000579195
-0.000509751 0.000173566
0.000646796 0.000100556
-0.000446339 6.9272e-05
-0.000376519 -0.000562632
0.000776442 0.000638964
-0.000478916 -0.000168241
0.000499374 -0.00022485
-0.000510659 0.000549821
0.000136521 -0.00065208
0.000164723 9.14155e-05
-0.000317709 0.000573703
0.000217385 -0.000552667
0.000156841 -0.000169218
-0.000126316 0.000617324
-0.000395194 -0.000160042
0.000497344 -0.000112922
-0.000193235 -0.000335938
0.000254286 0.00034533
-0.000524356 0.000227336
0.000407629 -0.000510521
-6.00863e-05 0.000351167
-0.000151629 -0.000484457
4.71328e-05 0.000670181
0.000142389 -0.000768869
3.90646e-05 0.000896509
-0.000210716 -0.000199128
-0.000195483 -0.00072207
7.37903e-05 0.000526144
0.000656886 0.000128822
-0.000674276 -0.000178621
0.000168101 -7.93212e-05
0.00017865 0.00025883
9.05354e-05 -0.00024283
-0.000612356 -6.29624e-05
0.000643964 0.000318189
-0.0002577 -0.000211061
-0.000158277 -5.4626e-05
0.000276885 0.000120206
-0.000253565 -6.22636e-05
0.000496467 -0.000308832
-0.000674561 0.000729494
0.000395117 -0.000447546
-0.000123507 9.66753e-05
-0.000120986 -7.00512e-05
0.000605307 9.37153e-05
-0.000849745 -0.000392279
0.000878919 0.000867874
-0.000757456 -0.00132827
0.000239917 0.00130455
0.000106624 -0.000700722
-0.000129493 0.000324981
-3.49915e-05 -0.000342112
0.000393946 0.000104212
-6.83692e-05 -7.52555e-05
-0.000145658 -3.2937e-05
-0.000447409 0.000759458
0.000329095 -0.000988575
7.7725e-05 0.000348898
-0.000230863 0.00030756
0.000675487 -0.000439196
-0.000345307 0.000603847
-0.000298485 -0.000771172
0.000132757 0.000262257
0.000179149 0.00019423
-0.0006514 -0.000245388
0.000392627 9.74583e-05
0.000114723 6.90869e-05
0.000158508 2.72573e-05
-0.000136484 4.48826e-05
7.72722e-05 -0.00022681
-8.99579e-05 0.000329217
-4.48907e-05 0.000111312
0.000182264 -0.000582212
-0.000214405 4.16437e-05
0.000373818 0.000286023
-0.000264627 -0.000490518
-0.00065278 0.000889694
0.000973402 -0.000278537
-0.000685115 -0.000454786
0.000749949 0.000352319
-0.000485423 -0.000346556
0.000208309 0.000276144
-0.000855914 0.000315985
0.00119437 -0.000615471
-0.000612686 0.00046808
0.000431056 -0.000592341
-0.000991088 0.000456312
0.000907031 0.000301872
0.000118366 -0.000230028
-0.00064905 -0.000187247
0.00027177 -0.000329496
0.000244243 0.00065243
-0.000532879 -0.000701471
0.000275008 0.000878347
-3.14359e-05 -0.00063705
0.000687279 0.000368189
-0.000648232 -0.000447534
-0.000105738 0.000214265
4.68263e-05 0.000307413
0.000360477 -0.000413518
-0.000192992 0.000322329
-0.000356337 -0.000477422
0.000122477 0.000279617
0.000107484 0.00068144
0.000564114 -0.00117146
-0.000954898 0.000716081
0.0010262 -0.000103924
-0.000947447 -0.000355526
0.000582986 0.000355084
-0.000278455 -0.000158296
-0.000155558 0.000139667
-0.000127532 1.30117e-06
7.77216e-05 -6.49554e-05
0.00098682 -9.8969e-05
-0.000620042 -0.000220122
-0.000286493 0.00056728
0.000166644 -0.000450859
4.75557e-05 0.000297218
-1.30315e-05 4.70686e-05
-8.78546e-05 -0.000497979
0.000339247 0.00020377
-0.00064694 0.000720537
0.000463821 -0.00145733
0.000147505 0.00131026
-0.000361293 -0.000400134
0.000250665 -0.000220075
-0.000242088 0.000654738
3.60429e-05 -0.000937583
0.000133073 0.000545207
0.000360659 -0.000312459
-0.000911844 0.000601792
0.000808839 -0.000563068
-2.69817e-05 0.000664771
-0.000701874 -0.00114409
0.000647301 0.00109306
-0.0003966 -0.000950219
0.000182796 0.000892641
-0.00011625 9.06979e-05
7.38735e-05 -0.000381848
0.000322893 -0.000641326
-0.000308078 0.000869749
-0.000259042 -0.00101726
0.000613213 0.000971813
-0.000839448 -0.000433498
0.000697496 0.000897615
-6.49792e-05 -0.00109145
-0.00020494 0.000419547
6.87816e-05 -7.75832e-05
-0.000131353 0.000166986
0.00014472 -0.000548988
0.000408197 0.000445297
-0.000672326 0.000187301
0.000229543 -5.96552e-05
0.000406599 -0.000835535
-0.00096923 0.00107315
0.000570792 -0.000638528
0.000435693 0.000324606
-0.000527766 8.24924e-05
0.000124302 -0.000392813
-6.98369e-05 -0.000226377
0.000889383 0.000552032
-0.00163484 0.000593846
0.000473094 -0.000935832
0.000831573 -0.000350238
-0.000538328 0.000933722
-0.000238332 -0.000458222
0.000471484 -0.000385424
-0.000257257 0.00108858
0.000207232 -0.000948123
-0.000712608 0.000584954
0.000940328 -0.000517126
-0.000428631 0.00067054
0.000189046 -0.000642533
-5.42612e-05 8.22735e-05
6.95494e-05 0.00021944
-0.000214846 -0.000294841
-0.000527357 0.000662552
0.00066081 -0.000840137
0.000415898 0.000470358
-0.000425456 -0.000220529
7.44332e-05 0.000802815
-0.000504275 -0.000930222
0.000540417 0.000166899
-6.54336e-05 -0.000150674
-0.000115742 0.000877323
-0.000287199 -0.00133808
0.000582549 0.000706469
-0.000214651 0.000408313
-2.43193e-05 -8.92659e-05
-0.000364832 -0.000828682
0.000157585 0.0010021
0.000504825 -0.000969705
-0.000520218 0.000490487
0.000468459 0.000191089
-0.000948838 -0.000399289
0.00173211 0.000142721
-0.00221055 -0.000202052
0.00212222 0.000391349
-0.00172065 0.000497832
0.00125153 -0.000694485
-0.000532863 -5.51704e-05
4.24761e-05 -0.000139265
-0.000533878 0.00042158
0.000458732 -0.000109878
0.000359901 -0.000209545
-0.000131327 -0.000284117
-0.000630828 0.000523496
0.000977777 0.000297347
-0.000950415 -0.000796501
0.000127675 0.000865099
0.000456872 -0.000690165
-0.0005546 -0.000132554
0.00119425 0.000726681
-0.00111989 -0.000693412
0.000632156 0.00102897
-0.000553849 -0.000943617
0.000103519 0.000961776
0.000140395 -0.00107154
0.000304364 6.26744e-05
-0.000215105 0.000143786
-0.000486794 0.00041304
0.000175436 -0.000671717
0.000416093 0.00113053
3.30659e-05 -0.00133133
-0.000419297 0.000773549
0.000269521 -0.000393884
-0.000295415 0.000366207
0.000639363 -0.000281836
-0.000223745 0.000633627
-0.000650233 -0.000734104
0.000343193 0.000341567
7.83707e-05 -0.000243272
0.000152585 -1.66194e-05
-0.000326058 0.000457705
0.00063484 -0.000816656
-0.000744201 0.000711322
0.000179073 -0.000217399
0.000523827 -3.57528e-05
-0.000808764 -1.48911e-05
0.000816239 0.000152019
-0.000688474 0.000225047
0.000812939 -0.000602281
-0.00091394 0.000267968
0.000419522 0.000639491
0.000118504 -0.00136875
-0.000592146 0.00120218
0.000973452 -0.000419607
-0.000663157 -0.000594529
-5.39313e-05 0.000825532
0.000699686 -0.000925628
-0.00112781 0.00152393
0.000564613 -0.00109668
-8.39028e-05 0.000621461
0.000652196 -0.000420406
-0.000648319 -0.000344153
0.000310386 0.000542775
-0.000290419 -9.08389e-05
0.000102032 0.000260295
0.000325561 -0.000991549
-0.000759737 0.000822268
0.000637218 -0.000439789
-4.03779e-05 0.000969452
-0.000266413 -0.00100712
0.000365969 0.000336071
-0.000886525 -0.000154108
0.000399293 0.00032647
0.000595896 -0.000367899
0.000257068 0.000480179
-0.00100417 -0.00074892
0.000355833 0.000936285
8.31447e-07 -0.00103921
-1.19279e-05 0.000718111
1.37088e-05 0.000113762
-0.000171856 -0.000366979
0.00041435 -0.000386369
-0.000536116 0.000673589
0.000281335 3.64138e-05
0.000376841 -0.000440878
-0.000481975 -0.000183054
1.34466e-05 0.000538965
0.000354496 0.000181231
-0.000311792 -0.000215384
9.19691e-05 -0.000435969
0.000255706 0.000127465
-0.000176448 0.000251416
-0.000547417 0.000246453
0.000185554 -0.000511752
0.00101908 -0.000303524
-0.0012064 0.000783513
0.000513619 -0.000315901
1.4092e-05 0.000401598
-0.000298651 -0.000665243
0.000815915 0.000693274
-0.000654334 -0.000604175
-0.000384447 -0.000131883
0.000483476 0.000530462
0.000309492 -0.000557804
-0.000532805 0.000310516
-0.000200466 6.02513e-05
0.00124086 0.000256082
-0.001051 -0.000597332
0.000231596 0.000680163
-5.61077e-05 -0.00069891
-5.75552e-05 0.000894732
-1.67937e-05 -0.00131019
0.000126577 0.00140112
0.000409747 -0.000688082
-0.000879091 3.75952e-05
0.000913194 -0.000451923
-0.000570469 0.000833037
-0.000396849 -9.31282e-05
0.000514007 -0.000456399
1.52149e-05 -0.000445565
0.00023862 0.00110686
-0.000279076 -0.000404127
7.95971e-05 -0.000400633
-0.000329133 0.000367401
0.000649723 0.000118117
-0.000685435 -5.69753e-05
0.000176237 -0.000399594
0.000272629 -8.8557e-05
6.14459e-05 0.000857307
-0.000547878 -0.00116724
0.000447128 0.00102177
-0.000227996 9.22591e-05
0.000392118 -0.000257524
-0.000131244 -4.10234e-05
-0.000405217 -0.000844479
0.000981634 0.000716635
-0.00130403 0.000749733
0.000502042 -0.00146138
0.000279145 0.00103515
-0.000706243 -0.000274248
0.000373989 -0.000595763
0.000546607 0.000691648
-0.000220763 2.36325e-05
-0.000145843 -8.06182e-05
-8.60924e-05 0.000100013
6.31835e-05 -0.000503986
3.24459e-07 0.000158407
0.000127481 -0.000128708
-0.000571667 0.000584946
0.000696681 -7.80691e-05
-0.000649884 -0.000467553
0.000996793 0.000527727
-0.00101307 -0.000517547
0.000821413 -0.00046058
-0.000768222 0.00121972
0.000357749 -0.000350931
-1.65786e-05 -0.000188253
-0.000574723 -0.000343107
0.000720324 0.00062059
0.000225352 -0.000673546
-0.00137473 0.000747561
0.00204978 -0.000271772
-0.00115448 -0.000479496
-0.00010725 0.00108305
0.000433696 -0.00109825
-0.000672314 0.000558882
0.00082312 4.112e-06
-4.59208e-05 -0.000246316
-0.000881743 -0.000351884
0.000958902 0.000523997
-0.000710208 -8.29623e-06
0.000777069 -0.000527237
-0.00116046 0.000926802
0.00146866 -0.00027701
-0.00123601 -0.000550442
0.000426366 0.000555083
-0.000121297 0.00023763
0.000272051 -0.000855903
-0.000144048 0.000601671
0.000182407 -0.000436305
-0.000125259 0.000524604
1.72841e-05 -0.000605613
-0.000383849 0.000821587
0.000114543 -0.00103236
0.000750598 0.000714361
-0.00101623 -0.000290493
0.000850306 0.000218201
-0.00068794 -0.000428482
0.000708057 0.000661119
-0.000237382 -0.000425498
-0.000459378 0.000189694
0.000150238 0.000287532
0.00054076 -0.00105843
-0.000572327 0.00115084
0.000497535 -0.000714326
-0.000460668 0.000228595
-1.61848e-06 1.97801e-05
0.000409625 -0.000421019
-0.00045179 0.000831111
0.000379958 -0.000180776
-0.000414286 -0.000334563
0.000226971 0.000176017
-1.94221e-05 -0.000261676
-0.000205146 0.000319347
0.000798505 -0.000152663
-0.00073256 -0.000511503
0.000108772 0.00101457
-6.28818e-05 -0.000595607
6.20822e-05 -8.12384e-05
0.00043111 0.000343402
-0.000234554 -0.000365689
-0.000132633 0.00084233
-0.000367176 -0.00106253
0.000310107 0.000504757
0.000205594 -0.000256906
3.01504e-05 0.000183062
-0.000708801 8.25731e-05
0.000539039 0.000215575
0.000410226 -0.000541556
-0.000892138 0.000513069
0.000597681 -0.000440947
0.000173197 -8.61909e-05
-0.000424141 0.000262181
0.000221411 0.000125027
-0.000144153 -0.000209653
-0.000144746 0.000162161
-3.19763e-05 1.58253e-05
0.000426241 -0.000485037
0.000247216 0.000942478
-0.000920444 -0.00103435
0.000525066 0.000537477
