0
1.79533e-11
7.1813e-11
1.61579e-10
2.87251e-10
4.48829e-10
6.46313e-10
8.79701e-10
1.14899e-09
1.45419e-09
1.79529e-09
2.17229e-09
2.5852e-09
3.034e-09
3.5187e-09
4.0393e-09
4.5958e-09
5.1882e-09
5.81648e-09
6.48067e-09
7.18074e-09
7.9167e-09
8.68855e-09
9.49629e-09
1.03399e-08
1.12194e-08
1.21348e-08
1.30861e-08
1.40732e-08
1.50962e-08
1.61551e-08
1.72498e-08
1.83804e-08
1.95469e-08
2.07493e-08
2.19875e-08
2.32615e-08
2.45714e-08
2.59172e-08
2.72988e-08
2.87162e-08
3.01695e-08
3.16586e-08
3.31835e-08
3.47443e-08
3.63409e-08
3.79733e-08
3.96416e-08
4.13456e-08
4.30855e-08
4.48611e-08
4.66726e-08
4.85199e-08
5.04029e-08
5.23218e-08
5.42764e-08
5.62668e-08
5.8293e-08
6.03549e-08
6.24526e-08
6.45861e-08
6.67553e-08
6.89603e-08
7.1201e-08
7.34775e-08
7.57897e-08
7.81376e-08
8.05212e-08
8.29406e-08
8.53957e-08
8.78864e-08
9.04129e-08
9.29751e-08
9.5573e-08
9.82065e-08
1.00876e-07
1.03581e-07
1.06321e-07
1.09097e-07
1.11909e-07
1.14757e-07
1.1764e-07
1.20559e-07
1.23513e-07
1.26503e-07
1.29529e-07
1.3259e-07
1.35687e-07
1.38819e-07
1.41987e-07
1.45191e-07
1.4843e-07
1.51704e-07
1.55015e-07
1.5836e-07
1.61742e-07
1.65158e-07
1.68611e-07
1.72099e-07
1.75622e-07
1.79181e-07
1.82775e-07
1.86405e-07
1.9007e-07
1.93771e-07
1.97507e-07
2.01279e-07
2.05086e-07
2.08928e-07
2.12806e-07
2.16719e-07
2.20668e-07
2.24652e-07
2.28672e-07
2.32726e-07
2.36817e-07
2.40942e-07
2.45103e-07
2.49299e-07
2.53531e-07
2.57798e-07
2.621e-07
2.66437e-07
2.7081e-07
2.75218e-07
2.79661e-07
2.8414e-07
2.88653e-07
2.93202e-07
2.97786e-07
3.02406e-07
3.0706e-07
3.1175e-07
3.16475e-07
3.21235e-07
3.2603e-07
3.30861e-07
3.35726e-07
3.40627e-07
3.45563e-07
3.50533e-07
3.55539e-07
3.6058e-07
3.65656e-07
3.70767e-07
3.75913e-07
3.81095e-07
3.86311e-07
3.91562e-07
3.96848e-07
4.02169e-07
4.07525e-07
4.12916e-07
4.18342e-07
4.23803e-07
4.29299e-07
4.34829e-07
4.40395e-07
4.45995e-07
4.51631e-07
4.57301e-07
4.63006e-07
4.68745e-07
4.7452e-07
4.80329e-07
4.86174e-07
4.92052e-07
4.97966e-07
5.03914e-07
5.09898e-07
5.15915e-07
5.21968e-07
5.28055e-07
5.34177e-07
5.40333e-07
5.46524e-07
5.5275e-07
5.59011e-07
5.65306e-07
5.71635e-07
5.77999e-07
5.84398e-07
5.90831e-07
5.97299e-07
6.03801e-07
6.10337e-07
6.16909e-07
6.23514e-07
6.30154e-07
6.36829e-07
6.43538e-07
6.50281e-07
6.57058e-07
6.6387e-07
6.70717e-07
6.77597e-07
6.84512e-07
6.91462e-07
6.98445e-07
7.05463e-07
7.12515e-07
7.19601e-07
7.26722e-07
7.33877e-07
7.41065e-07
7.48288e-07
7.55546e-07
7.62837e-07
7.70162e-07
7.77522e-07
7.84915e-07
7.92343e-07
7.99805e-07
8.07301e-07
8.1483e-07
8.22394e-07
8.29992e-07
8.37623e-07
8.45289e-07
8.52988e-07
8.60722e-07
8.68489e-07
8.7629e-07
8.84125e-07
8.91994e-07
8.99897e-07
9.07833e-07
9.15803e-07
9.23807e-07
9.31845e-07
9.39916e-07
9.48021e-07
9.5616e-07
9.64332e-07
9.72538e-07
9.80778e-07
9.89051e-07
9.97358e-07
1.0057e-06
1.01407e-06
1.02248e-06
1.03092e-06
1.0394e-06
1.0479e-06
1.05644e-06
1.06502e-06
1.07363e-06
1.08227e-06
1.09094e-06
1.09965e-06
1.10839e-06
1.11717e-06
1.12598e-06
1.13482e-06
1.14369e-06
1.1526e-06
1.16154e-06
1.17052e-06
1.17952e-06
1.18856e-06
1.19764e-06
1.20674e-06
1.21588e-06
1.22506e-06
1.23426e-06
1.2435e-06
1.25277e-06
1.26208e-06
1.27142e-06
1.28079e-06
1.29019e-06
1.29963e-06
1.3091e-06
1.3186e-06
1.32813e-06
1.3377e-06
1.3473e-06
1.35693e-06
1.3666e-06
1.3763e-06
1.38603e-06
1.39579e-06
1.40559e-06
1.41542e-06
1.42528e-06
1.43517e-06
1.4451e-06
1.45506e-06
1.46505e-06
1.47508e-06
1.48513e-06
1.49522e-06
1.50534e-06
1.5155e-06
1.52568e-06
1.5359e-06
1.54615e-06
1.55644e-06
1.56675e-06
1.5771e-06
1.58748e-06
1.59789e-06
1.60833e-06
1.61881e-06
1.62932e-06
1.63986e-06
1.65043e-06
1.66103e-06
1.67167e-06
1.68234e-06
1.69304e-06
1.70377e-06
1.71454e-06
1.72533e-06
1.73616e-06
1.74702e-06
1.75791e-06
1.76883e-06
1.77979e-06
1.79078e-06
1.80179e-06
1.81284e-06
1.82393e-06
1.83504e-06
1.84618e-06
1.85736e-06
1.86857e-06
1.87981e-06
1.89108e-06
1.90238e-06
1.91371e-06
1.92508e-06
1.93648e-06
1.9479e-06
1.95936e-06
1.97085e-06
1.98238e-06
1.99393e-06
2.00551e-06
2.01713e-06
2.02878e-06
2.04045e-06
2.05216e-06
2.0639e-06
2.07567e-06
2.08747e-06
2.09931e-06
2.11117e-06
2.12307e-06
2.13499e-06
2.14695e-06
2.15894e-06
2.17096e-06
2.183e-06
2.19508e-06
2.2072e-06
2.21934e-06
2.23151e-06
2.24371e-06
2.25594e-06
2.26821e-06
2.2805e-06
2.29283e-06
2.30518e-06
2.31757e-06
2.32999e-06
2.34243e-06
2.35491e-06
2.36742e-06
2.37996e-06
2.39253e-06
2.40512e-06
2.41775e-06
2.43041e-06
2.4431e-06
2.45582e-06
2.46857e-06
2.48135e-06
2.49416e-06
2.507e-06
2.51987e-06
2.53277e-06
2.5457e-06
2.55866e-06
2.57165e-06
2.58467e-06
2.59772e-06
2.6108e-06
2.6239e-06
2.63704e-06
2.65021e-06
2.66341e-06
2.67664e-06
2.68989e-06
2.70318e-06
2.7165e-06
2.72984e-06
2.74322e-06
2.75662e-06
2.77006e-06
2.78352e-06
2.79701e-06
2.81053e-06
2.82409e-06
2.83767e-06
2.85128e-06
2.86492e-06
2.87858e-06
2.89228e-06
2.90601e-06
2.91976e-06
2.93355e-06
2.94736e-06
2.96121e-06
2.97508e-06
2.98898e-06
3.00291e-06
3.01686e-06
3.03085e-06
3.04487e-06
3.05891e-06
3.07299e-06
3.08709e-06
3.10122e-06
3.11538e-06
3.12956e-06
3.14378e-06
3.15803e-06
3.1723e-06
3.1866e-06
3.20093e-06
3.21529e-06
3.22968e-06
3.24409e-06
3.25853e-06
3.27301e-06
3.28751e-06
3.30203e-06
3.31659e-06
3.33117e-06
3.34579e-06
3.36043e-06
3.3751e-06
3.38979e-06
3.40452e-06
3.41927e-06
3.43405e-06
3.44886e-06
3.46369e-06
3.47855e-06
3.49345e-06
3.50836e-06
3.52331e-06
3.53829e-06
3.55329e-06
3.56832e-06
3.58337e-06
3.59846e-06
3.61357e-06
3.62871e-06
3.64387e-06
3.65907e-06
3.67429e-06
3.68954e-06
3.70481e-06
3.72011e-06
3.73544e-06
3.7508e-06
3.76619e-06
3.7816e-06
3.79703e-06
3.8125e-06
3.82799e-06
3.84351e-06
3.85906e-06
3.87463e-06
3.89023e-06
3.90585e-06
3.92151e-06
3.93719e-06
3.95289e-06
3.96863e-06
3.98438e-06
4.00017e-06
4.01598e-06
4.03182e-06
4.04769e-06
4.06358e-06
4.0795e-06
4.09544e-06
4.11141e-06
4.12741e-06
4.14343e-06
4.15948e-06
4.17556e-06
4.19166e-06
4.20778e-06
4.22394e-06
4.24012e-06
4.25632e-06
4.27255e-06
4.28881e-06
4.30509e-06
4.3214e-06
4.33774e-06
4.3541e-06
4.37048e-06
4.38689e-06
4.40333e-06
4.41979e-06
4.43628e-06
4.45279e-06
4.46933e-06
4.4859e-06
4.50249e-06
4.5191e-06
4.53574e-06
4.55241e-06
4.5691e-06
4.58581e-06
4.60255e-06
4.61932e-06
4.63611e-06
4.65293e-06
4.66977e-06
4.68663e-06
4.70352e-06
4.72044e-06
4.73738e-06
4.75435e-06
4.77133e-06
4.78835e-06
4.80539e-06
4.82245e-06
4.83954e-06
4.85665e-06
4.87379e-06
4.89095e-06
4.90814e-06
4.92535e-06
4.94258e-06
4.95984e-06
4.97713e-06
4.99443e-06
5.01177e-06
5.02912e-06
5.0465e-06
5.06391e-06
5.08133e-06
5.09878e-06
5.11626e-06
5.13376e-06
5.15128e-06
5.16883e-06
5.1864e-06
5.204e-06
5.22161e-06
5.23926e-06
5.25692e-06
5.27461e-06
5.29232e-06
5.31006e-06
5.32782e-06
5.3456e-06
5.36341e-06
5.38124e-06
5.39909e-06
5.41697e-06
5.43487e-06
5.45279e-06
5.47073e-06
5.4887e-06
5.50669e-06
5.52471e-06
5.54274e-06
5.5608e-06
5.57889e-06
5.59699e-06
5.61512e-06
5.63327e-06
5.65144e-06
5.66964e-06
5.68786e-06
5.7061e-06
5.72436e-06
5.74265e-06
5.76096e-06
5.77929e-06
5.79764e-06
5.81602e-06
5.83442e-06
5.85284e-06
5.87128e-06
5.88974e-06
5.90823e-06
5.92674e-06
5.94527e-06
5.96382e-06
5.98239e-06
6.00099e-06
6.01961e-06
6.03825e-06
6.05691e-06
6.07559e-06
6.09429e-06
6.11302e-06
6.13177e-06
6.15054e-06
6.16933e-06
6.18814e-06
6.20697e-06
6.22583e-06
6.2447e-06
6.2636e-06
6.28252e-06
6.30146e-06
6.32042e-06
6.3394e-06
6.3584e-06
6.37742e-06
6.39647e-06
6.41553e-06
6.43462e-06
6.45372e-06
6.47285e-06
6.492e-06
6.51117e-06
6.53036e-06
6.54957e-06
6.5688e-06
6.58805e-06
6.60732e-06
6.62661e-06
6.64592e-06
6.66525e-06
6.6846e-06
6.70398e-06
6.72337e-06
6.74278e-06
6.76221e-06
6.78167e-06
6.80114e-06
6.82063e-06
6.84014e-06
6.85968e-06
6.87923e-06
6.8988e-06
6.91839e-06
6.938e-06
6.95763e-06
6.97728e-06
6.99695e-06
7.01664e-06
7.03635e-06
7.05608e-06
7.07582e-06
7.09559e-06
7.11538e-06
7.13518e-06
7.155e-06
7.17485e-06
7.19471e-06
7.21459e-06
7.23449e-06
7.25441e-06
7.27434e-06
7.2943e-06
7.31428e-06
7.33427e-06
7.35428e-06
7.37431e-06
7.39436e-06
7.41443e-06
7.43452e-06
7.45462e-06
7.47474e-06
7.49489e-06
7.51505e-06
7.53522e-06
7.55542e-06
7.57563e-06
7.59587e-06
7.61612e-06
7.63639e-06
7.65667e-06
7.67698e-06
7.6973e-06
7.71764e-06
7.738e-06
7.75837e-06
7.77876e-06
7.79917e-06
7.8196e-06
7.84005e-06
7.86051e-06
7.88099e-06
7.90149e-06
7.922e-06
7.94254e-06
7.96309e-06
7.98365e-06
8.00424e-06
8.02484e-06
8.04546e-06
8.06609e-06
8.08674e-06
8.10741e-06
8.1281e-06
8.1488e-06
8.16952e-06
8.19026e-06
8.21101e-06
8.23178e-06
8.25256e-06
8.27336e-06
8.29418e-06
8.31502e-06
8.33587e-06
8.35674e-06
8.37762e-06
8.39852e-06
8.41944e-06
8.44037e-06
8.46132e-06
8.48228e-06
8.50326e-06
8.52426e-06
8.54527e-06
8.5663e-06
8.58734e-06
8.6084e-06
8.62948e-06
8.65057e-06
8.67167e-06
8.69279e-06
8.71393e-06
8.73508e-06
8.75625e-06
8.77743e-06
8.79863e-06
8.81985e-06
8.84107e-06
8.86232e-06
8.88358e-06
8.90485e-06
8.92614e-06
8.94744e-06
8.96876e-06
8.99009e-06
9.01144e-06
9.0328e-06
9.05418e-06
9.07557e-06
9.09698e-06
9.1184e-06
9.13984e-06
9.16129e-06
9.18275e-06
9.20423e-06
9.22572e-06
9.24723e-06
9.26875e-06
9.29029e-06
9.31184e-06
9.3334e-06
9.35498e-06
9.37657e-06
9.39817e-06
9.41979e-06
9.44142e-06
9.46307e-06
9.48473e-06
9.5064e-06
9.52809e-06
9.54979e-06
9.5715e-06
9.59323e-06
9.61497e-06
9.63673e-06
9.65849e-06
9.68027e-06
9.70207e-06
9.72387e-06
9.74569e-06
9.76752e-06
9.78937e-06
9.81123e-06
9.8331e-06
9.85498e-06
9.87688e-06
9.89879e-06
9.92071e-06
9.94265e-06
9.96459e-06
9.98655e-06
1.00085e-05
1.00305e-05
1.00525e-05
1.00745e-05
1.00965e-05
1.01186e-05
1.01406e-05
1.01627e-05
1.01847e-05
1.02068e-05
1.02289e-05
1.0251e-05
1.02731e-05
1.02953e-05
1.03174e-05
1.03396e-05
1.03617e-05
1.03839e-05
1.04061e-05
1.04283e-05
1.04505e-05
1.04727e-05
1.04949e-05
1.05172e-05
1.05394e-05
1.05617e-05
1.0584e-05
1.06063e-05
1.06286e-05
1.06509e-05
1.06732e-05
1.06955e-05
1.07179e-05
1.07402e-05
1.07626e-05
1.07849e-05
1.08073e-05
1.08297e-05
1.08521e-05
1.08745e-05
1.0897e-05
1.09194e-05
1.09419e-05
1.09643e-05
1.09868e-05
1.10093e-05
1.10317e-05
1.10542e-05
1.10767e-05
1.10993e-05
1.11218e-05
1.11443e-05
1.11669e-05
1.11894e-05
1.1212e-05
1.12346e-05
1.12571e-05
1.12797e-05
1.13023e-05
1.13249e-05
1.13476e-05
1.13702e-05
1.13928e-05
1.14155e-05
1.14381e-05
1.14608e-05
1.14835e-05
1.15062e-05
1.15289e-05
1.15516e-05
1.15743e-05
1.1597e-05
1.16197e-05
1.16425e-05
1.16652e-05
1.16879e-05
1.17107e-05
1.17335e-05
1.17563e-05
1.1779e-05
1.18018e-05
1.18246e-05
1.18475e-05
1.18703e-05
1.18931e-05
1.19159e-05
1.19388e-05
1.19616e-05
1.19845e-05
1.20074e-05
1.20302e-05
1.20531e-05
1.2076e-05
1.20989e-05
1.21218e-05
1.21447e-05
1.21676e-05
1.21905e-05
1.22135e-05
1.22364e-05
1.22594e-05
1.22823e-05
1.23053e-05
1.23283e-05
1.23512e-05
1.23742e-05
1.23972e-05
1.24202e-05
1.24432e-05
1.24662e-05
1.24892e-05
1.25122e-05
1.25353e-05
1.25583e-05
1.25813e-05
1.26044e-05
1.26274e-05
1.26505e-05
1.26736e-05
1.26966e-05
1.27197e-05
1.27428e-05
1.27659e-05
1.2789e-05
1.28121e-05
1.28352e-05
1.28583e-05
1.28814e-05
1.29046e-05
1.29277e-05
1.29508e-05
1.2974e-05
1.29971e-05
1.30203e-05
1.30434e-05
1.30666e-05
1.30897e-05
1.31129e-05
1.31361e-05
1.31593e-05
1.31825e-05
1.32057e-05
1.32289e-05
1.32521e-05
1.32753e-05
1.32985e-05
1.33217e-05
1.33449e-05
1.33681e-05
1.33914e-05
1.34146e-05
1.34378e-05
1.34611e-05
1.34843e-05
1.35076e-05
1.35308e-05
1.35541e-05
1.35773e-05
1.36006e-05
1.36239e-05
1.36472e-05
1.36704e-05
1.36937e-05
1.3717e-05
1.37403e-05
1.37636e-05
1.37869e-05
1.38102e-05
1.38335e-05
1.38568e-05
1.38801e-05
1.39034e-05
1.39267e-05
1.39501e-05
1.39734e-05
1.39967e-05
1.402e-05
1.40434e-05
1.40667e-05
1.409e-05
1.41134e-05
1.41367e-05
1.41601e-05
1.41834e-05
1.42068e-05
1.42301e-05
1.42535e-05
1.42768e-05
1.43002e-05
1.43235e-05
1.43469e-05
1.43703e-05
1.43936e-05
1.4417e-05
1.44404e-05
1.44638e-05
1.44871e-05
1.45105e-05
1.45339e-05
1.45573e-05
1.45807e-05
1.4604e-05
1.46274e-05
1.46508e-05
1.46742e-05
1.46976e-05
1.4721e-05
1.47444e-05
1.47678e-05
1.47912e-05
1.48146e-05
1.4838e-05
1.48614e-05
1.48848e-05
1.49082e-05
1.49316e-05
1.4955e-05
1.49784e-05
1.50018e-05
1.50252e-05
1.50486e-05
1.5072e-05
1.50954e-05
1.51188e-05
1.51422e-05
1.51656e-05
1.5189e-05
1.52124e-05
1.52358e-05
1.52593e-05
1.52827e-05
1.53061e-05
1.53295e-05
1.53529e-05
1.53763e-05
1.53997e-05
1.54231e-05
1.54465e-05
1.54699e-05
1.54933e-05
1.55167e-05
1.55401e-05
1.55635e-05
1.55869e-05
1.56103e-05
1.56337e-05
1.56571e-05
1.56805e-05
1.57039e-05
1.57273e-05
1.57507e-05
1.57741e-05
1.57975e-05
1.58209e-05
1.58443e-05
1.58677e-05
1.58911e-05
1.59145e-05
1.59378e-05
1.59612e-05
1.59846e-05
1.6008e-05
1.60314e-05
1.60547e-05
1.60781e-05
1.61015e-05
1.61249e-05
1.61482e-05
1.61716e-05
1.6195e-05
1.62183e-05
1.62417e-05
1.6265e-05
1.62884e-05
1.63118e-05
1.63351e-05
1.63584e-05
1.63818e-05
1.64051e-05
1.64285e-05
1.64518e-05
1.64751e-05
1.64985e-05
1.65218e-05
1.65451e-05
1.65685e-05
1.65918e-05
1.66151e-05
1.66384e-05
1.66617e-05
1.6685e-05
1.67083e-05
1.67316e-05
1.67549e-05
1.67782e-05
1.68015e-05
1.68248e-05
1.68481e-05
1.68714e-05
1.68946e-05
1.69179e-05
1.69412e-05
1.69644e-05
1.69877e-05
1.70109e-05
1.70342e-05
1.70574e-05
1.70807e-05
1.71039e-05
1.71272e-05
1.71504e-05
1.71736e-05
1.71968e-05
1.722e-05
1.72433e-05
1.72665e-05
1.72897e-05
1.73129e-05
1.7336e-05
1.73592e-05
1.73824e-05
1.74056e-05
1.74288e-05
1.74519e-05
1.74751e-05
1.74983e-05
1.75214e-05
1.75445e-05
1.75677e-05
1.75908e-05
1.7614e-05
1.76371e-05
1.76602e-05
1.76833e-05
1.77064e-05
1.77295e-05
1.77526e-05
1.77757e-05
1.77988e-05
1.78219e-05
1.78449e-05
1.7868e-05
1.78911e-05
1.79141e-05
1.79372e-05
1.79602e-05
1.79832e-05
1.80063e-05
1.80293e-05
1.80523e-05
1.80753e-05
1.80983e-05
1.81213e-05
1.81443e-05
1.81673e-05
1.81903e-05
1.82132e-05
1.82362e-05
1.82591e-05
1.82821e-05
1.8305e-05
1.8328e-05
1.83509e-05
1.83738e-05
1.83967e-05
1.84196e-05
1.84425e-05
1.84654e-05
1.84883e-05
1.85112e-05
1.8534e-05
1.85569e-05
1.85797e-05
1.86026e-05
1.86254e-05
1.86482e-05
1.86711e-05
1.86939e-05
1.87167e-05
1.87395e-05
1.87623e-05
1.8785e-05
1.88078e-05
1.88306e-05
1.88533e-05
1.88761e-05
1.88988e-05
1.89215e-05
1.89442e-05
1.8967e-05
1.89897e-05
1.90123e-05
1.9035e-05
1.90577e-05
1.90804e-05
1.9103e-05
1.91257e-05
1.91483e-05
1.91709e-05
1.91936e-05
1.92162e-05
1.92388e-05
1.92614e-05
1.9284e-05
1.93065e-05
1.93291e-05
1.93516e-05
1.93742e-05
1.93967e-05
1.94193e-05
1.94418e-05
1.94643e-05
1.94868e-05
1.95093e-05
1.95317e-05
1.95542e-05
1.95767e-05
1.95991e-05
1.96215e-05
1.9644e-05
1.96664e-05
1.96888e-05
1.97112e-05
1.97336e-05
1.97559e-05
1.97783e-05
1.98006e-05
1.9823e-05
1.98453e-05
1.98676e-05
1.98899e-05
1.99122e-05
1.99345e-05
1.99568e-05
1.99791e-05
2.00013e-05
2.00236e-05
2.00458e-05
2.0068e-05
2.00902e-05
2.01124e-05
2.01346e-05
2.01568e-05
2.0179e-05
2.02011e-05
2.02232e-05
2.02454e-05
2.02675e-05
2.02896e-05
2.03117e-05
2.03338e-05
2.03558e-05
2.03779e-05
2.03999e-05
2.0422e-05
2.0444e-05
2.0466e-05
2.0488e-05
2.051e-05
2.0532e-05
2.05539e-05
2.05759e-05
2.05978e-05
2.06197e-05
2.06416e-05
2.06635e-05
2.06854e-05
2.07073e-05
2.07291e-05
2.0751e-05
2.07728e-05
2.07946e-05
2.08164e-05
2.08382e-05
2.086e-05
2.08818e-05
2.09035e-05
2.09253e-05
2.0947e-05
2.09687e-05
2.09904e-05
2.10121e-05
2.10338e-05
2.10554e-05
2.10771e-05
2.10987e-05
2.11203e-05
2.11419e-05
2.11635e-05
2.11851e-05
2.12067e-05
2.12282e-05
2.12498e-05
2.12713e-05
2.12928e-05
2.13143e-05
2.13358e-05
2.13572e-05
2.13787e-05
2.14001e-05
2.14215e-05
2.14429e-05
2.14643e-05
2.14857e-05
2.15071e-05
2.15284e-05
2.15497e-05
2.15711e-05
2.15924e-05
2.16137e-05
2.16349e-05
2.16562e-05
2.16774e-05
2.16987e-05
2.17199e-05
2.17411e-05
2.17623e-05
2.17834e-05
2.18046e-05
2.18257e-05
2.18468e-05
2.18679e-05
2.1889e-05
2.19101e-05
2.19312e-05
2.19522e-05
2.19732e-05
2.19943e-05
2.20152e-05
2.20362e-05
2.20572e-05
2.20781e-05
2.20991e-05
2.212e-05
2.21409e-05
2.21618e-05
2.21826e-05
2.22035e-05
2.22243e-05
2.22451e-05
2.22659e-05
2.22867e-05
2.23075e-05
2.23283e-05
2.2349e-05
2.23697e-05
2.23904e-05
2.24111e-05
2.24318e-05
2.24524e-05
2.24731e-05
2.24937e-05
2.25143e-05
2.25349e-05
2.25554e-05
2.2576e-05
2.25965e-05
2.2617e-05
2.26375e-05
2.2658e-05
2.26785e-05
2.26989e-05
2.27193e-05
2.27397e-05
2.27601e-05
2.27805e-05
2.28009e-05
2.28212e-05
2.28415e-05
2.28618e-05
2.28821e-05
2.29024e-05
2.29226e-05
2.29429e-05
2.29631e-05
2.29833e-05
2.30035e-05
2.30236e-05
2.30438e-05
2.30639e-05
2.3084e-05
2.31041e-05
2.31241e-05
2.31442e-05
2.31642e-05
2.31842e-05
2.32042e-05
2.32242e-05
2.32442e-05
2.32641e-05
2.3284e-05
2.33039e-05
2.33238e-05
2.33437e-05
2.33635e-05
2.33833e-05
2.34031e-05
2.34229e-05
2.34427e-05
2.34624e-05
2.34822e-05
2.35019e-05
2.35216e-05
2.35412e-05
2.35609e-05
2.35805e-05
2.36001e-05
2.36197e-05
2.36393e-05
2.36588e-05
2.36784e-05
2.36979e-05
2.37174e-05
2.37368e-05
2.37563e-05
2.37757e-05
2.37951e-05
2.38145e-05
2.38339e-05
2.38533e-05
2.38726e-05
2.38919e-05
2.39112e-05
2.39305e-05
2.39497e-05
2.39689e-05
2.39882e-05
2.40073e-05
2.40265e-05
2.40457e-05
2.40648e-05
2.40839e-05
2.4103e-05
2.4122e-05
2.41411e-05
2.41601e-05
2.41791e-05
2.41981e-05
2.42171e-05
2.4236e-05
2.42549e-05
2.42738e-05
2.42927e-05
2.43115e-05
2.43304e-05
2.43492e-05
2.4368e-05
2.43867e-05
2.44055e-05
2.44242e-05
2.44429e-05
2.44616e-05
2.44803e-05
2.44989e-05
2.45175e-05
2.45361e-05
2.45547e-05
2.45732e-05
2.45918e-05
2.46103e-05
2.46288e-05
2.46472e-05
2.46657e-05
2.46841e-05
2.47025e-05
2.47209e-05
2.47392e-05
2.47575e-05
2.47759e-05
2.47941e-05
2.48124e-05
2.48306e-05
2.48489e-05
2.48671e-05
2.48852e-05
2.49034e-05
2.49215e-05
2.49396e-05
2.49577e-05
2.49758e-05
2.49938e-05
2.50118e-05
2.50298e-05
2.50478e-05
2.50657e-05
2.50836e-05
2.51015e-05
2.51194e-05
2.51373e-05
2.51551e-05
2.51729e-05
2.51907e-05
2.52084e-05
2.52262e-05
2.52439e-05
2.52616e-05
2.52793e-05
2.52969e-05
2.53145e-05
2.53321e-05
2.53497e-05
2.53672e-05
2.53847e-05
2.54022e-05
2.54197e-05
2.54372e-05
2.54546e-05
2.5472e-05
2.54894e-05
2.55067e-05
2.55241e-05
2.55414e-05
2.55587e-05
2.55759e-05
2.55932e-05
2.56104e-05
2.56276e-05
2.56447e-05
2.56619e-05
2.5679e-05
2.56961e-05
2.57131e-05
2.57302e-05
2.57472e-05
2.57642e-05
2.57811e-05
2.57981e-05
2.5815e-05
2.58319e-05
2.58487e-05
2.58656e-05
2.58824e-05
2.58992e-05
2.5916e-05
2.59327e-05
2.59494e-05
2.59661e-05
2.59828e-05
2.59994e-05
2.6016e-05
2.60326e-05
2.60492e-05
2.60657e-05
2.60822e-05
2.60987e-05
2.61152e-05
2.61316e-05
2.6148e-05
2.61644e-05
2.61808e-05
2.61971e-05
2.62134e-05
2.62297e-05
2.6246e-05
2.62622e-05
2.62784e-05
2.62946e-05
2.63107e-05
2.63269e-05
2.6343e-05
2.6359e-05
2.63751e-05
2.63911e-05
2.64071e-05
2.64231e-05
2.6439e-05
2.64549e-05
2.64708e-05
2.64867e-05
2.65025e-05
2.65183e-05
2.65341e-05
2.65499e-05
2.65656e-05
2.65813e-05
2.6597e-05
2.66127e-05
2.66283e-05
2.66439e-05
2.66595e-05
2.6675e-05
2.66905e-05
2.6706e-05
2.67215e-05
2.67369e-05
2.67523e-05
2.67677e-05
2.67831e-05
2.67984e-05
2.68137e-05
2.6829e-05
2.68442e-05
2.68594e-05
2.68746e-05
2.68898e-05
2.69049e-05
2.69201e-05
2.69351e-05
2.69502e-05
2.69652e-05
2.69802e-05
2.69952e-05
2.70101e-05
2.70251e-05
2.704e-05
2.70548e-05
2.70697e-05
2.70845e-05
2.70992e-05
2.7114e-05
2.71287e-05
2.71434e-05
2.71581e-05
2.71727e-05
2.71873e-05
2.72019e-05
2.72165e-05
2.7231e-05
2.72455e-05
2.726e-05
2.72744e-05
2.72888e-05
2.73032e-05
2.73176e-05
2.73319e-05
2.73462e-05
2.73605e-05
2.73747e-05
2.73889e-05
2.74031e-05
2.74173e-05
2.74314e-05
2.74455e-05
2.74596e-05
2.74736e-05
2.74877e-05
2.75016e-05
2.75156e-05
2.75295e-05
2.75434e-05
2.75573e-05
2.75711e-05
2.7585e-05
2.75987e-05
2.76125e-05
2.76262e-05
2.76399e-05
2.76536e-05
2.76672e-05
2.76808e-05
2.76944e-05
2.7708e-05
2.77215e-05
2.7735e-05
2.77485e-05
2.77619e-05
2.77753e-05
2.77887e-05
2.7802e-05
2.78153e-05
2.78286e-05
2.78419e-05
2.78551e-05
2.78683e-05
2.78815e-05
2.78946e-05
2.79077e-05
2.79208e-05
2.79338e-05
2.79469e-05
2.79599e-05
2.79728e-05
2.79857e-05
2.79986e-05
2.80115e-05
2.80243e-05
2.80372e-05
2.80499e-05
2.80627e-05
2.80754e-05
2.80881e-05
2.81008e-05
2.81134e-05
2.8126e-05
2.81386e-05
2.81511e-05
2.81636e-05
2.81761e-05
2.81885e-05
2.82009e-05
2.82133e-05
2.82257e-05
2.8238e-05
2.82503e-05
2.82626e-05
2.82748e-05
2.8287e-05
2.82992e-05
2.83113e-05
2.83234e-05
2.83355e-05
2.83476e-05
2.83596e-05
2.83716e-05
2.83835e-05
2.83954e-05
2.84073e-05
2.84192e-05
2.8431e-05
2.84428e-05
2.84546e-05
2.84663e-05
2.84781e-05
2.84897e-05
2.85014e-05
2.8513e-05
2.85246e-05
2.85361e-05
2.85477e-05
2.85591e-05
2.85706e-05
2.8582e-05
2.85934e-05
2.86048e-05
2.86161e-05
2.86274e-05
2.86387e-05
2.86499e-05
2.86611e-05
2.86723e-05
2.86835e-05
2.86946e-05
2.87057e-05
2.87167e-05
2.87277e-05
2.87387e-05
2.87497e-05
2.87606e-05
2.87715e-05
2.87824e-05
2.87932e-05
2.8804e-05
2.88147e-05
2.88255e-05
2.88362e-05
2.88468e-05
2.88575e-05
2.88681e-05
2.88787e-05
2.88892e-05
2.88997e-05
2.89102e-05
2.89206e-05
2.8931e-05
2.89414e-05
2.89518e-05
2.89621e-05
2.89724e-05
2.89826e-05
2.89928e-05
2.9003e-05
2.90132e-05
2.90233e-05
2.90334e-05
2.90434e-05
2.90535e-05
2.90634e-05
2.90734e-05
2.90833e-05
2.90932e-05
2.91031e-05
2.91129e-05
2.91227e-05
2.91325e-05
2.91422e-05
2.91519e-05
2.91616e-05
2.91712e-05
2.91808e-05
2.91904e-05
2.91999e-05
2.92094e-05
2.92189e-05
2.92283e-05
2.92377e-05
2.92471e-05
2.92564e-05
2.92657e-05
2.9275e-05
2.92842e-05
2.92935e-05
2.93026e-05
2.93118e-05
2.93209e-05
2.93299e-05
2.9339e-05
2.9348e-05
2.9357e-05
2.93659e-05
2.93748e-05
2.93837e-05
2.93925e-05
2.94013e-05
2.94101e-05
2.94189e-05
2.94276e-05
2.94362e-05
2.94449e-05
2.94535e-05
2.94621e-05
2.94706e-05
2.94791e-05
2.94876e-05
2.9496e-05
2.95044e-05
2.95128e-05
2.95212e-05
2.95295e-05
2.95377e-05
2.9546e-05
2.95542e-05
2.95623e-05
2.95705e-05
2.95786e-05
2.95867e-05
2.95947e-05
2.96027e-05
2.96107e-05
2.96186e-05
2.96265e-05
2.96344e-05
2.96422e-05
2.965e-05
2.96578e-05
2.96655e-05
2.96732e-05
2.96809e-05
2.96885e-05
2.96961e-05
2.97037e-05
2.97112e-05
2.97187e-05
2.97262e-05
2.97336e-05
2.9741e-05
2.97483e-05
2.97557e-05
2.9763e-05
2.97702e-05
2.97774e-05
2.97846e-05
2.97918e-05
2.97989e-05
2.9806e-05
2.9813e-05
2.98201e-05
2.9827e-05
2.9834e-05
2.98409e-05
2.98478e-05
2.98546e-05
2.98615e-05
2.98682e-05
2.9875e-05
2.98817e-05
2.98884e-05
2.9895e-05
2.99016e-05
2.99082e-05
2.99147e-05
2.99212e-05
2.99277e-05
2.99341e-05
2.99405e-05
2.99469e-05
2.99532e-05
2.99595e-05
2.99658e-05
2.9972e-05
2.99782e-05
2.99843e-05
2.99905e-05
2.99965e-05
3.00026e-05
3.00086e-05
3.00146e-05
3.00205e-05
3.00265e-05
3.00323e-05
3.00382e-05
3.0044e-05
3.00498e-05
3.00555e-05
3.00612e-05
3.00669e-05
3.00725e-05
3.00781e-05
3.00837e-05
3.00892e-05
3.00947e-05
3.01002e-05
3.01056e-05
3.0111e-05
3.01163e-05
3.01217e-05
3.01269e-05
3.01322e-05
3.01374e-05
3.01426e-05
3.01477e-05
3.01529e-05
3.01579e-05
3.0163e-05
3.0168e-05
3.01729e-05
3.01779e-05
3.01828e-05
3.01876e-05
3.01925e-05
3.01973e-05
3.0202e-05
3.02068e-05
3.02114e-05
3.02161e-05
3.02207e-05
3.02253e-05
3.02299e-05
3.02344e-05
3.02388e-05
3.02433e-05
3.02477e-05
3.02521e-05
3.02564e-05
3.02607e-05
3.0265e-05
3.02692e-05
3.02734e-05
3.02776e-05
3.02817e-05
3.02858e-05
3.02898e-05
3.02939e-05
3.02978e-05
3.03018e-05
3.03057e-05
3.03096e-05
3.03134e-05
3.03172e-05
3.0321e-05
3.03247e-05
3.03284e-05
3.03321e-05
3.03357e-05
3.03393e-05
3.03429e-05
3.03464e-05
3.03499e-05
3.03534e-05
3.03568e-05
3.03601e-05
3.03635e-05
3.03668e-05
3.03701e-05
3.03733e-05
3.03765e-05
3.03797e-05
3.03828e-05
3.03859e-05
3.0389e-05
3.0392e-05
3.0395e-05
3.0398e-05
3.04009e-05
3.04038e-05
3.04066e-05
3.04094e-05
3.04122e-05
3.04149e-05
3.04176e-05
3.04203e-05
3.04229e-05
3.04255e-05
3.04281e-05
3.04306e-05
3.04331e-05
3.04356e-05
3.0438e-05
3.04404e-05
3.04427e-05
3.0445e-05
3.04473e-05
3.04495e-05
3.04518e-05
3.04539e-05
3.04561e-05
3.04582e-05
3.04602e-05
3.04622e-05
3.04642e-05
3.04662e-05
3.04681e-05
3.047e-05
3.04718e-05
3.04736e-05
3.04754e-05
3.04772e-05
3.04789e-05
3.04805e-05
3.04822e-05
3.04838e-05
3.04853e-05
3.04869e-05
3.04883e-05
3.04898e-05
3.04912e-05
3.04926e-05
3.04939e-05
3.04952e-05
3.04965e-05
3.04978e-05
3.0499e-05
3.05001e-05
3.05013e-05
3.05024e-05
3.05034e-05
3.05044e-05
3.05054e-05
3.05064e-05
3.05073e-05
3.05082e-05
3.0509e-05
3.05098e-05
3.05106e-05
3.05113e-05
3.0512e-05
3.05127e-05
3.05133e-05
3.05139e-05
3.05145e-05
3.0515e-05
3.05155e-05
3.05159e-05
3.05163e-05
3.05167e-05
3.05171e-05
3.05174e-05
3.05176e-05
3.05179e-05
3.05181e-05
3.05182e-05
3.05183e-05
3.05184e-05
3.05185e-05
3.05185e-05
3.05185e-05
3.05184e-05
3.05183e-05
3.05182e-05
3.05181e-05
3.05179e-05
3.05176e-05
3.05174e-05
3.05171e-05
3.05167e-05
3.05163e-05
3.05159e-05
3.05155e-05
3.0515e-05
3.05145e-05
3.05139e-05
3.05133e-05
3.05127e-05
3.0512e-05
3.05113e-05
3.05106e-05
3.05098e-05
3.0509e-05
3.05082e-05
3.05073e-05
3.05064e-05
3.05054e-05
3.05044e-05
3.05034e-05
3.05024e-05
3.05013e-05
3.05001e-05
3.0499e-05
3.04978e-05
3.04965e-05
3.04952e-05
3.04939e-05
3.04926e-05
3.04912e-05
3.04898e-05
3.04883e-05
3.04869e-05
3.04853e-05
3.04838e-05
3.04822e-05
3.04805e-05
3.04789e-05
3.04772e-05
3.04754e-05
3.04736e-05
3.04718e-05
3.047e-05
3.04681e-05
3.04662e-05
3.04642e-05
3.04622e-05
3.04602e-05
3.04582e-05
3.04561e-05
3.04539e-05
3.04518e-05
3.04495e-05
3.04473e-05
3.0445e-05
3.04427e-05
3.04404e-05
3.0438e-05
3.04356e-05
3.04331e-05
3.04306e-05
3.04281e-05
3.04255e-05
3.04229e-05
3.04203e-05
3.04176e-05
3.04149e-05
3.04122e-05
3.04094e-05
3.04066e-05
3.04038e-05
3.04009e-05
3.0398e-05
3.0395e-05
3.0392e-05
3.0389e-05
3.03859e-05
3.03828e-05
3.03797e-05
3.03765e-05
3.03733e-05
3.03701e-05
3.03668e-05
3.03635e-05
3.03601e-05
3.03568e-05
3.03534e-05
3.03499e-05
3.03464e-05
3.03429e-05
3.03393e-05
3.03357e-05
3.03321e-05
3.03284e-05
3.03247e-05
3.0321e-05
3.03172e-05
3.03134e-05
3.03096e-05
3.03057e-05
3.03018e-05
3.02978e-05
3.02939e-05
3.02898e-05
3.02858e-05
3.02817e-05
3.02776e-05
3.02734e-05
3.02692e-05
3.0265e-05
3.02607e-05
3.02564e-05
3.02521e-05
3.02477e-05
3.02433e-05
3.02388e-05
3.02344e-05
3.02299e-05
3.02253e-05
3.02207e-05
3.02161e-05
3.02114e-05
3.02068e-05
3.0202e-05
3.01973e-05
3.01925e-05
3.01876e-05
3.01828e-05
3.01779e-05
3.01729e-05
3.0168e-05
3.0163e-05
3.01579e-05
3.01529e-05
3.01477e-05
3.01426e-05
3.01374e-05
3.01322e-05
3.01269e-05
3.01217e-05
3.01163e-05
3.0111e-05
3.01056e-05
3.01002e-05
3.00947e-05
3.00892e-05
3.00837e-05
3.00781e-05
3.00725e-05
3.00669e-05
3.00612e-05
3.00555e-05
3.00498e-05
3.0044e-05
3.00382e-05
3.00323e-05
3.00265e-05
3.00205e-05
3.00146e-05
3.00086e-05
3.00026e-05
2.99965e-05
2.99905e-05
2.99843e-05
2.99782e-05
2.9972e-05
2.99658e-05
2.99595e-05
2.99532e-05
2.99469e-05
2.99405e-05
2.99341e-05
2.99277e-05
2.99212e-05
2.99147e-05
2.99082e-05
2.99016e-05
2.9895e-05
2.98884e-05
2.98817e-05
2.9875e-05
2.98682e-05
2.98615e-05
2.98546e-05
2.98478e-05
2.98409e-05
2.9834e-05
2.9827e-05
2.98201e-05
2.9813e-05
2.9806e-05
2.97989e-05
2.97918e-05
2.97846e-05
2.97774e-05
2.97702e-05
2.9763e-05
2.97557e-05
2.97483e-05
2.9741e-05
2.97336e-05
2.97262e-05
2.97187e-05
2.97112e-05
2.97037e-05
2.96961e-05
2.96885e-05
2.96809e-05
2.96732e-05
2.96655e-05
2.96578e-05
2.965e-05
2.96422e-05
2.96344e-05
2.96265e-05
2.96186e-05
2.96107e-05
2.96027e-05
2.95947e-05
2.95867e-05
2.95786e-05
2.95705e-05
2.95623e-05
2.95542e-05
2.9546e-05
2.95377e-05
2.95295e-05
2.95212e-05
2.95128e-05
2.95044e-05
2.9496e-05
2.94876e-05
2.94791e-05
2.94706e-05
2.94621e-05
2.94535e-05
2.94449e-05
2.94362e-05
2.94276e-05
2.94189e-05
2.94101e-05
2.94013e-05
2.93925e-05
2.93837e-05
2.93748e-05
2.93659e-05
2.9357e-05
2.9348e-05
2.9339e-05
2.93299e-05
2.93209e-05
2.93118e-05
2.93026e-05
2.92935e-05
2.92842e-05
2.9275e-05
2.92657e-05
2.92564e-05
2.92471e-05
2.92377e-05
2.92283e-05
2.92189e-05
2.92094e-05
2.91999e-05
2.91904e-05
2.91808e-05
2.91712e-05
2.91616e-05
2.91519e-05
2.91422e-05
2.91325e-05
2.91227e-05
2.91129e-05
2.91031e-05
2.90932e-05
2.90833e-05
2.90734e-05
2.90634e-05
2.90535e-05
2.90434e-05
2.90334e-05
2.90233e-05
2.90132e-05
2.9003e-05
2.89928e-05
2.89826e-05
2.89724e-05
2.89621e-05
2.89518e-05
2.89414e-05
2.8931e-05
2.89206e-05
2.89102e-05
2.88997e-05
2.88892e-05
2.88787e-05
2.88681e-05
2.88575e-05
2.88468e-05
2.88362e-05
2.88255e-05
2.88147e-05
2.8804e-05
2.87932e-05
2.87824e-05
2.87715e-05
2.87606e-05
2.87497e-05
2.87387e-05
2.87277e-05
2.87167e-05
2.87057e-05
2.86946e-05
2.86835e-05
2.86723e-05
2.86611e-05
2.86499e-05
2.86387e-05
2.86274e-05
2.86161e-05
2.86048e-05
2.85934e-05
2.8582e-05
2.85706e-05
2.85591e-05
2.85477e-05
2.85361e-05
2.85246e-05
2.8513e-05
2.85014e-05
2.84897e-05
2.84781e-05
2.84663e-05
2.84546e-05
2.84428e-05
2.8431e-05
2.84192e-05
2.84073e-05
2.83954e-05
2.83835e-05
2.83716e-05
2.83596e-05
2.83476e-05
2.83355e-05
2.83234e-05
2.83113e-05
2.82992e-05
2.8287e-05
2.82748e-05
2.82626e-05
2.82503e-05
2.8238e-05
2.82257e-05
2.82133e-05
2.82009e-05
2.81885e-05
2.81761e-05
2.81636e-05
2.81511e-05
2.81386e-05
2.8126e-05
2.81134e-05
2.81008e-05
2.80881e-05
2.80754e-05
2.80627e-05
2.80499e-05
2.80372e-05
2.80243e-05
2.80115e-05
2.79986e-05
2.79857e-05
2.79728e-05
2.79599e-05
2.79469e-05
2.79338e-05
2.79208e-05
2.79077e-05
2.78946e-05
2.78815e-05
2.78683e-05
2.78551e-05
2.78419e-05
2.78286e-05
2.78153e-05
2.7802e-05
2.77887e-05
2.77753e-05
2.77619e-05
2.77485e-05
2.7735e-05
2.77215e-05
2.7708e-05
2.76944e-05
2.76808e-05
2.76672e-05
2.76536e-05
2.76399e-05
2.76262e-05
2.76125e-05
2.75987e-05
2.7585e-05
2.75711e-05
2.75573e-05
2.75434e-05
2.75295e-05
2.75156e-05
2.75016e-05
2.74877e-05
2.74736e-05
2.74596e-05
2.74455e-05
2.74314e-05
2.74173e-05
2.74031e-05
2.73889e-05
2.73747e-05
2.73605e-05
2.73462e-05
2.73319e-05
2.73176e-05
2.73032e-05
2.72888e-05
2.72744e-05
2.726e-05
2.72455e-05
2.7231e-05
2.72165e-05
2.72019e-05
2.71873e-05
2.71727e-05
2.71581e-05
2.71434e-05
2.71287e-05
2.7114e-05
2.70992e-05
2.70845e-05
2.70697e-05
2.70548e-05
2.704e-05
2.70251e-05
2.70101e-05
2.69952e-05
2.69802e-05
2.69652e-05
2.69502e-05
2.69351e-05
2.69201e-05
2.69049e-05
2.68898e-05
2.68746e-05
2.68594e-05
2.68442e-05
2.6829e-05
2.68137e-05
2.67984e-05
2.67831e-05
2.67677e-05
2.67523e-05
2.67369e-05
2.67215e-05
2.6706e-05
2.66905e-05
2.6675e-05
2.66595e-05
2.66439e-05
2.66283e-05
2.66127e-05
2.6597e-05
2.65813e-05
2.65656e-05
2.65499e-05
2.65341e-05
2.65183e-05
2.65025e-05
2.64867e-05
2.64708e-05
2.64549e-05
2.6439e-05
2.64231e-05
2.64071e-05
2.63911e-05
2.63751e-05
2.6359e-05
2.6343e-05
2.63269e-05
2.63107e-05
2.62946e-05
2.62784e-05
2.62622e-05
2.6246e-05
2.62297e-05
2.62134e-05
2.61971e-05
2.61808e-05
2.61644e-05
2.6148e-05
2.61316e-05
2.61152e-05
2.60987e-05
2.60822e-05
2.60657e-05
2.60492e-05
2.60326e-05
2.6016e-05
2.59994e-05
2.59828e-05
2.59661e-05
2.59494e-05
2.59327e-05
2.5916e-05
2.58992e-05
2.58824e-05
2.58656e-05
2.58487e-05
2.58319e-05
2.5815e-05
2.57981e-05
2.57811e-05
2.57642e-05
2.57472e-05
2.57302e-05
2.57131e-05
2.56961e-05
2.5679e-05
2.56619e-05
2.56447e-05
2.56276e-05
2.56104e-05
2.55932e-05
2.55759e-05
2.55587e-05
2.55414e-05
2.55241e-05
2.55067e-05
2.54894e-05
2.5472e-05
2.54546e-05
2.54372e-05
2.54197e-05
2.54022e-05
2.53847e-05
2.53672e-05
2.53497e-05
2.53321e-05
2.53145e-05
2.52969e-05
2.52793e-05
2.52616e-05
2.52439e-05
2.52262e-05
2.52084e-05
2.51907e-05
2.51729e-05
2.51551e-05
2.51373e-05
2.51194e-05
2.51015e-05
2.50836e-05
2.50657e-05
2.50478e-05
2.50298e-05
2.50118e-05
2.49938e-05
2.49758e-05
2.49577e-05
2.49396e-05
2.49215e-05
2.49034e-05
2.48852e-05
2.48671e-05
2.48489e-05
2.48306e-05
2.48124e-05
2.47941e-05
2.47759e-05
2.47575e-05
2.47392e-05
2.47209e-05
2.47025e-05
2.46841e-05
2.46657e-05
2.46472e-05
2.46288e-05
2.46103e-05
2.45918e-05
2.45732e-05
2.45547e-05
2.45361e-05
2.45175e-05
2.44989e-05
2.44803e-05
2.44616e-05
2.44429e-05
2.44242e-05
2.44055e-05
2.43867e-05
2.4368e-05
2.43492e-05
2.43304e-05
2.43115e-05
2.42927e-05
2.42738e-05
2.42549e-05
2.4236e-05
2.42171e-05
2.41981e-05
2.41791e-05
2.41601e-05
2.41411e-05
2.4122e-05
2.4103e-05
2.40839e-05
2.40648e-05
2.40457e-05
2.40265e-05
2.40073e-05
2.39882e-05
2.39689e-05
2.39497e-05
2.39305e-05
2.39112e-05
2.38919e-05
2.38726e-05
2.38533e-05
2.38339e-05
2.38145e-05
2.37951e-05
2.37757e-05
2.37563e-05
2.37368e-05
2.37174e-05
2.36979e-05
2.36784e-05
2.36588e-05
2.36393e-05
2.36197e-05
2.36001e-05
2.35805e-05
2.35609e-05
2.35412e-05
2.35216e-05
2.35019e-05
2.34822e-05
2.34624e-05
2.34427e-05
2.34229e-05
2.34031e-05
2.33833e-05
2.33635e-05
2.33437e-05
2.33238e-05
2.33039e-05
2.3284e-05
2.32641e-05
2.32442e-05
2.32242e-05
2.32042e-05
2.31842e-05
2.31642e-05
2.31442e-05
2.31241e-05
2.31041e-05
2.3084e-05
2.30639e-05
2.30438e-05
2.30236e-05
2.30035e-05
2.29833e-05
2.29631e-05
2.29429e-05
2.29226e-05
2.29024e-05
2.28821e-05
2.28618e-05
2.28415e-05
2.28212e-05
2.28009e-05
2.27805e-05
2.27601e-05
2.27397e-05
2.27193e-05
2.26989e-05
2.26785e-05
2.2658e-05
2.26375e-05
2.2617e-05
2.25965e-05
2.2576e-05
2.25554e-05
2.25349e-05
2.25143e-05
2.24937e-05
2.24731e-05
2.24524e-05
2.24318e-05
2.24111e-05
2.23904e-05
2.23697e-05
2.2349e-05
2.23283e-05
2.23075e-05
2.22867e-05
2.22659e-05
2.22451e-05
2.22243e-05
2.22035e-05
2.21826e-05
2.21618e-05
2.21409e-05
2.212e-05
2.20991e-05
2.20781e-05
2.20572e-05
2.20362e-05
2.20152e-05
2.19943e-05
2.19732e-05
2.19522e-05
2.19312e-05
2.19101e-05
2.1889e-05
2.18679e-05
2.18468e-05
2.18257e-05
2.18046e-05
2.17834e-05
2.17623e-05
2.17411e-05
2.17199e-05
2.16987e-05
2.16774e-05
2.16562e-05
2.16349e-05
2.16137e-05
2.15924e-05
2.15711e-05
2.15497e-05
2.15284e-05
2.15071e-05
2.14857e-05
2.14643e-05
2.14429e-05
2.14215e-05
2.14001e-05
2.13787e-05
2.13572e-05
2.13358e-05
2.13143e-05
2.12928e-05
2.12713e-05
2.12498e-05
2.12282e-05
2.12067e-05
2.11851e-05
2.11635e-05
2.11419e-05
2.11203e-05
2.10987e-05
2.10771e-05
2.10554e-05
2.10338e-05
2.10121e-05
2.09904e-05
2.09687e-05
2.0947e-05
2.09253e-05
2.09035e-05
2.08818e-05
2.086e-05
2.08382e-05
2.08164e-05
2.07946e-05
2.07728e-05
2.0751e-05
2.07291e-05
2.07073e-05
2.06854e-05
2.06635e-05
2.06416e-05
2.06197e-05
2.05978e-05
2.05759e-05
2.05539e-05
2.0532e-05
2.051e-05
2.0488e-05
2.0466e-05
2.0444e-05
2.0422e-05
2.03999e-05
2.03779e-05
2.03558e-05
2.03338e-05
2.03117e-05
2.02896e-05
2.02675e-05
2.02454e-05
2.02232e-05
2.02011e-05
2.0179e-05
2.01568e-05
2.01346e-05
2.01124e-05
2.00902e-05
2.0068e-05
2.00458e-05
2.00236e-05
2.00013e-05
1.99791e-05
1.99568e-05
1.99345e-05
1.99122e-05
1.98899e-05
1.98676e-05
1.98453e-05
1.9823e-05
1.98006e-05
1.97783e-05
1.97559e-05
1.97336e-05
1.97112e-05
1.96888e-05
1.96664e-05
1.9644e-05
1.96215e-05
1.95991e-05
1.95767e-05
1.95542e-05
1.95317e-05
1.95093e-05
1.94868e-05
1.94643e-05
1.94418e-05
1.94193e-05
1.93967e-05
1.93742e-05
1.93516e-05
1.93291e-05
1.93065e-05
1.9284e-05
1.92614e-05
1.92388e-05
1.92162e-05
1.91936e-05
1.91709e-05
1.91483e-05
1.91257e-05
1.9103e-05
1.90804e-05
1.90577e-05
1.9035e-05
1.90123e-05
1.89897e-05
1.8967e-05
1.89442e-05
1.89215e-05
1.88988e-05
1.88761e-05
1.88533e-05
1.88306e-05
1.88078e-05
1.8785e-05
1.87623e-05
1.87395e-05
1.87167e-05
1.86939e-05
1.86711e-05
1.86482e-05
1.86254e-05
1.86026e-05
1.85797e-05
1.85569e-05
1.8534e-05
1.85112e-05
1.84883e-05
1.84654e-05
1.84425e-05
1.84196e-05
1.83967e-05
1.83738e-05
1.83509e-05
1.8328e-05
1.8305e-05
1.82821e-05
1.82591e-05
1.82362e-05
1.82132e-05
1.81903e-05
1.81673e-05
1.81443e-05
1.81213e-05
1.80983e-05
1.80753e-05
1.80523e-05
1.80293e-05
1.80063e-05
1.79832e-05
1.79602e-05
1.79372e-05
1.79141e-05
1.78911e-05
1.7868e-05
1.78449e-05
1.78219e-05
1.77988e-05
1.77757e-05
1.77526e-05
1.77295e-05
1.77064e-05
1.76833e-05
1.76602e-05
1.76371e-05
1.7614e-05
1.75908e-05
1.75677e-05
1.75445e-05
1.75214e-05
1.74983e-05
1.74751e-05
1.74519e-05
1.74288e-05
1.74056e-05
1.73824e-05
1.73592e-05
1.7336e-05
1.73129e-05
1.72897e-05
1.72665e-05
1.72433e-05
1.722e-05
1.71968e-05
1.71736e-05
1.71504e-05
1.71272e-05
1.71039e-05
1.70807e-05
1.70574e-05
1.70342e-05
1.70109e-05
1.69877e-05
1.69644e-05
1.69412e-05
1.69179e-05
1.68946e-05
1.68714e-05
1.68481e-05
1.68248e-05
1.68015e-05
1.67782e-05
1.67549e-05
1.67316e-05
1.67083e-05
1.6685e-05
1.66617e-05
1.66384e-05
1.66151e-05
1.65918e-05
1.65685e-05
1.65451e-05
1.65218e-05
1.64985e-05
1.64751e-05
1.64518e-05
1.64285e-05
1.64051e-05
1.63818e-05
1.63584e-05
1.63351e-05
1.63118e-05
1.62884e-05
1.6265e-05
1.62417e-05
1.62183e-05
1.6195e-05
1.61716e-05
1.61482e-05
1.61249e-05
1.61015e-05
1.60781e-05
1.60547e-05
1.60314e-05
1.6008e-05
1.59846e-05
1.59612e-05
1.59378e-05
1.59145e-05
1.58911e-05
1.58677e-05
1.58443e-05
1.58209e-05
1.57975e-05
1.57741e-05
1.57507e-05
1.57273e-05
1.57039e-05
1.56805e-05
1.56571e-05
1.56337e-05
1.56103e-05
1.55869e-05
1.55635e-05
1.55401e-05
1.55167e-05
1.54933e-05
1.54699e-05
1.54465e-05
1.54231e-05
1.53997e-05
1.53763e-05
1.53529e-05
1.53295e-05
1.53061e-05
1.52827e-05
1.52593e-05
1.52358e-05
1.52124e-05
1.5189e-05
1.51656e-05
1.51422e-05
1.51188e-05
1.50954e-05
1.5072e-05
1.50486e-05
1.50252e-05
1.50018e-05
1.49784e-05
1.4955e-05
1.49316e-05
1.49082e-05
1.48848e-05
1.48614e-05
1.4838e-05
1.48146e-05
1.47912e-05
1.47678e-05
1.47444e-05
1.4721e-05
1.46976e-05
1.46742e-05
1.46508e-05
1.46274e-05
1.4604e-05
1.45807e-05
1.45573e-05
1.45339e-05
1.45105e-05
1.44871e-05
1.44638e-05
1.44404e-05
1.4417e-05
1.43936e-05
1.43703e-05
1.43469e-05
1.43235e-05
1.43002e-05
1.42768e-05
1.42535e-05
1.42301e-05
1.42068e-05
1.41834e-05
1.41601e-05
1.41367e-05
1.41134e-05
1.409e-05
1.40667e-05
1.40434e-05
1.402e-05
1.39967e-05
1.39734e-05
1.39501e-05
1.39267e-05
1.39034e-05
1.38801e-05
1.38568e-05
1.38335e-05
1.38102e-05
1.37869e-05
1.37636e-05
1.37403e-05
1.3717e-05
1.36937e-05
1.36704e-05
1.36472e-05
1.36239e-05
1.36006e-05
1.35773e-05
1.35541e-05
1.35308e-05
1.35076e-05
1.34843e-05
1.34611e-05
1.34378e-05
1.34146e-05
1.33914e-05
1.33681e-05
1.33449e-05
1.33217e-05
1.32985e-05
1.32753e-05
1.32521e-05
1.32289e-05
1.32057e-05
1.31825e-05
1.31593e-05
1.31361e-05
1.31129e-05
1.30897e-05
1.30666e-05
1.30434e-05
1.30203e-05
1.29971e-05
1.2974e-05
1.29508e-05
1.29277e-05
1.29046e-05
1.28814e-05
1.28583e-05
1.28352e-05
1.28121e-05
1.2789e-05
1.27659e-05
1.27428e-05
1.27197e-05
1.26966e-05
1.26736e-05
1.26505e-05
1.26274e-05
1.26044e-05
1.25813e-05
1.25583e-05
1.25353e-05
1.25122e-05
1.24892e-05
1.24662e-05
1.24432e-05
1.24202e-05
1.23972e-05
1.23742e-05
1.23512e-05
1.23283e-05
1.23053e-05
1.22823e-05
1.22594e-05
1.22364e-05
1.22135e-05
1.21905e-05
1.21676e-05
1.21447e-05
1.21218e-05
1.20989e-05
1.2076e-05
1.20531e-05
1.20302e-05
1.20074e-05
1.19845e-05
1.19616e-05
1.19388e-05
1.19159e-05
1.18931e-05
1.18703e-05
1.18475e-05
1.18246e-05
1.18018e-05
1.1779e-05
1.17563e-05
1.17335e-05
1.17107e-05
1.16879e-05
1.16652e-05
1.16425e-05
1.16197e-05
1.1597e-05
1.15743e-05
1.15516e-05
1.15289e-05
1.15062e-05
1.14835e-05
1.14608e-05
1.14381e-05
1.14155e-05
1.13928e-05
1.13702e-05
1.13476e-05
1.13249e-05
1.13023e-05
1.12797e-05
1.12571e-05
1.12346e-05
1.1212e-05
1.11894e-05
1.11669e-05
1.11443e-05
1.11218e-05
1.10993e-05
1.10767e-05
1.10542e-05
1.10317e-05
1.10093e-05
1.09868e-05
1.09643e-05
1.09419e-05
1.09194e-05
1.0897e-05
1.08745e-05
1.08521e-05
1.08297e-05
1.08073e-05
1.07849e-05
1.07626e-05
1.07402e-05
1.07179e-05
1.06955e-05
1.06732e-05
1.06509e-05
1.06286e-05
1.06063e-05
1.0584e-05
1.05617e-05
1.05394e-05
1.05172e-05
1.04949e-05
1.04727e-05
1.04505e-05
1.04283e-05
1.04061e-05
1.03839e-05
1.03617e-05
1.03396e-05
1.03174e-05
1.02953e-05
1.02731e-05
1.0251e-05
1.02289e-05
1.02068e-05
1.01847e-05
1.01627e-05
1.01406e-05
1.01186e-05
1.00965e-05
1.00745e-05
1.00525e-05
1.00305e-05
1.00085e-05
9.98655e-06
9.96459e-06
9.94265e-06
9.92071e-06
9.89879e-06
9.87688e-06
9.85498e-06
9.8331e-06
9.81123e-06
9.78937e-06
9.76752e-06
9.74569e-06
9.72387e-06
9.70207e-06
9.68027e-06
9.65849e-06
9.63673e-06
9.61497e-06
9.59323e-06
9.5715e-06
9.54979e-06
9.52809e-06
9.5064e-06
9.48473e-06
9.46307e-06
9.44142e-06
9.41979e-06
9.39817e-06
9.37657e-06
9.35498e-06
9.3334e-06
9.31184e-06
9.29029e-06
9.26875e-06
9.24723e-06
9.22572e-06
9.20423e-06
9.18275e-06
9.16129e-06
9.13984e-06
9.1184e-06
9.09698e-06
9.07557e-06
9.05418e-06
9.0328e-06
9.01144e-06
8.99009e-06
8.96876e-06
8.94744e-06
8.92614e-06
8.90485e-06
8.88358e-06
8.86232e-06
8.84107e-06
8.81985e-06
8.79863e-06
8.77743e-06
8.75625e-06
8.73508e-06
8.71393e-06
8.69279e-06
8.67167e-06
8.65057e-06
8.62948e-06
8.6084e-06
8.58734e-06
8.5663e-06
8.54527e-06
8.52426e-06
8.50326e-06
8.48228e-06
8.46132e-06
8.44037e-06
8.41944e-06
8.39852e-06
8.37762e-06
8.35674e-06
8.33587e-06
8.31502e-06
8.29418e-06
8.27336e-06
8.25256e-06
8.23178e-06
8.21101e-06
8.19026e-06
8.16952e-06
8.1488e-06
8.1281e-06
8.10741e-06
8.08674e-06
8.06609e-06
8.04546e-06
8.02484e-06
8.00424e-06
7.98365e-06
7.96309e-06
7.94254e-06
7.922e-06
7.90149e-06
7.88099e-06
7.86051e-06
7.84005e-06
7.8196e-06
7.79917e-06
7.77876e-06
7.75837e-06
7.738e-06
7.71764e-06
7.6973e-06
7.67698e-06
7.65667e-06
7.63639e-06
7.61612e-06
7.59587e-06
7.57563e-06
7.55542e-06
7.53522e-06
7.51505e-06
7.49489e-06
7.47474e-06
7.45462e-06
7.43452e-06
7.41443e-06
7.39436e-06
7.37431e-06
7.35428e-06
7.33427e-06
7.31428e-06
7.2943e-06
7.27434e-06
7.25441e-06
7.23449e-06
7.21459e-06
7.19471e-06
7.17485e-06
7.155e-06
7.13518e-06
7.11538e-06
7.09559e-06
7.07582e-06
7.05608e-06
7.03635e-06
7.01664e-06
6.99695e-06
6.97728e-06
6.95763e-06
6.938e-06
6.91839e-06
6.8988e-06
6.87923e-06
6.85968e-06
6.84014e-06
6.82063e-06
6.80114e-06
6.78167e-06
6.76221e-06
6.74278e-06
6.72337e-06
6.70398e-06
6.6846e-06
6.66525e-06
6.64592e-06
6.62661e-06
6.60732e-06
6.58805e-06
6.5688e-06
6.54957e-06
6.53036e-06
6.51117e-06
6.492e-06
6.47285e-06
6.45372e-06
6.43462e-06
6.41553e-06
6.39647e-06
6.37742e-06
6.3584e-06
6.3394e-06
6.32042e-06
6.30146e-06
6.28252e-06
6.2636e-06
6.2447e-06
6.22583e-06
6.20697e-06
6.18814e-06
6.16933e-06
6.15054e-06
6.13177e-06
6.11302e-06
6.09429e-06
6.07559e-06
6.05691e-06
6.03825e-06
6.01961e-06
6.00099e-06
5.98239e-06
5.96382e-06
5.94527e-06
5.92674e-06
5.90823e-06
5.88974e-06
5.87128e-06
5.85284e-06
5.83442e-06
5.81602e-06
5.79764e-06
5.77929e-06
5.76096e-06
5.74265e-06
5.72436e-06
5.7061e-06
5.68786e-06
5.66964e-06
5.65144e-06
5.63327e-06
5.61512e-06
5.59699e-06
5.57889e-06
5.5608e-06
5.54274e-06
5.52471e-06
5.50669e-06
5.4887e-06
5.47073e-06
5.45279e-06
5.43487e-06
5.41697e-06
5.39909e-06
5.38124e-06
5.36341e-06
5.3456e-06
5.32782e-06
5.31006e-06
5.29232e-06
5.27461e-06
5.25692e-06
5.23926e-06
5.22161e-06
5.204e-06
5.1864e-06
5.16883e-06
5.15128e-06
5.13376e-06
5.11626e-06
5.09878e-06
5.08133e-06
5.06391e-06
5.0465e-06
5.02912e-06
5.01177e-06
4.99443e-06
4.97713e-06
4.95984e-06
4.94258e-06
4.92535e-06
4.90814e-06
4.89095e-06
4.87379e-06
4.85665e-06
4.83954e-06
4.82245e-06
4.80539e-06
4.78835e-06
4.77133e-06
4.75435e-06
4.73738e-06
4.72044e-06
4.70352e-06
4.68663e-06
4.66977e-06
4.65293e-06
4.63611e-06
4.61932e-06
4.60255e-06
4.58581e-06
4.5691e-06
4.55241e-06
4.53574e-06
4.5191e-06
4.50249e-06
4.4859e-06
4.46933e-06
4.45279e-06
4.43628e-06
4.41979e-06
4.40333e-06
4.38689e-06
4.37048e-06
4.3541e-06
4.33774e-06
4.3214e-06
4.30509e-06
4.28881e-06
4.27255e-06
4.25632e-06
4.24012e-06
4.22394e-06
4.20778e-06
4.19166e-06
4.17556e-06
4.15948e-06
4.14343e-06
4.12741e-06
4.11141e-06
4.09544e-06
4.0795e-06
4.06358e-06
4.04769e-06
4.03182e-06
4.01598e-06
4.00017e-06
3.98438e-06
3.96863e-06
3.95289e-06
3.93719e-06
3.92151e-06
3.90585e-06
3.89023e-06
3.87463e-06
3.85906e-06
3.84351e-06
3.82799e-06
3.8125e-06
3.79703e-06
3.7816e-06
3.76619e-06
3.7508e-06
3.73544e-06
3.72011e-06
3.70481e-06
3.68954e-06
3.67429e-06
3.65907e-06
3.64387e-06
3.62871e-06
3.61357e-06
3.59846e-06
3.58337e-06
3.56832e-06
3.55329e-06
3.53829e-06
3.52331e-06
3.50836e-06
3.49345e-06
3.47855e-06
3.46369e-06
3.44886e-06
3.43405e-06
3.41927e-06
3.40452e-06
3.38979e-06
3.3751e-06
3.36043e-06
3.34579e-06
3.33117e-06
3.31659e-06
3.30203e-06
3.28751e-06
3.27301e-06
3.25853e-06
3.24409e-06
3.22968e-06
3.21529e-06
3.20093e-06
3.1866e-06
3.1723e-06
3.15803e-06
3.14378e-06
3.12956e-06
3.11538e-06
3.10122e-06
3.08709e-06
3.07299e-06
3.05891e-06
3.04487e-06
3.03085e-06
3.01686e-06
3.00291e-06
2.98898e-06
2.97508e-06
2.96121e-06
2.94736e-06
2.93355e-06
2.91976e-06
2.90601e-06
2.89228e-06
2.87858e-06
2.86492e-06
2.85128e-06
2.83767e-06
2.82409e-06
2.81053e-06
2.79701e-06
2.78352e-06
2.77006e-06
2.75662e-06
2.74322e-06
2.72984e-06
2.7165e-06
2.70318e-06
2.68989e-06
2.67664e-06
2.66341e-06
2.65021e-06
2.63704e-06
2.6239e-06
2.6108e-06
2.59772e-06
2.58467e-06
2.57165e-06
2.55866e-06
2.5457e-06
2.53277e-06
2.51987e-06
2.507e-06
2.49416e-06
2.48135e-06
2.46857e-06
2.45582e-06
2.4431e-06
2.43041e-06
2.41775e-06
2.40512e-06
2.39253e-06
2.37996e-06
2.36742e-06
2.35491e-06
2.34243e-06
2.32999e-06
2.31757e-06
2.30518e-06
2.29283e-06
2.2805e-06
2.26821e-06
2.25594e-06
2.24371e-06
2.23151e-06
2.21934e-06
2.2072e-06
2.19508e-06
2.183e-06
2.17096e-06
2.15894e-06
2.14695e-06
2.13499e-06
2.12307e-06
2.11117e-06
2.09931e-06
2.08747e-06
2.07567e-06
2.0639e-06
2.05216e-06
2.04045e-06
2.02878e-06
2.01713e-06
2.00551e-06
1.99393e-06
1.98238e-06
1.97085e-06
1.95936e-06
1.9479e-06
1.93648e-06
1.92508e-06
1.91371e-06
1.90238e-06
1.89108e-06
1.87981e-06
1.86857e-06
1.85736e-06
1.84618e-06
1.83504e-06
1.82393e-06
1.81284e-06
1.80179e-06
1.79078e-06
1.77979e-06
1.76883e-06
1.75791e-06
1.74702e-06
1.73616e-06
1.72533e-06
1.71454e-06
1.70377e-06
1.69304e-06
1.68234e-06
1.67167e-06
1.66103e-06
1.65043e-06
1.63986e-06
1.62932e-06
1.61881e-06
1.60833e-06
1.59789e-06
1.58748e-06
1.5771e-06
1.56675e-06
1.55644e-06
1.54615e-06
1.5359e-06
1.52568e-06
1.5155e-06
1.50534e-06
1.49522e-06
1.48513e-06
1.47508e-06
1.46505e-06
1.45506e-06
1.4451e-06
1.43517e-06
1.42528e-06
1.41542e-06
1.40559e-06
1.39579e-06
1.38603e-06
1.3763e-06
1.3666e-06
1.35693e-06
1.3473e-06
1.3377e-06
1.32813e-06
1.3186e-06
1.3091e-06
1.29963e-06
1.29019e-06
1.28079e-06
1.27142e-06
1.26208e-06
1.25277e-06
1.2435e-06
1.23426e-06
1.22506e-06
1.21588e-06
1.20674e-06
1.19764e-06
1.18856e-06
1.17952e-06
1.17052e-06
1.16154e-06
1.1526e-06
1.14369e-06
1.13482e-06
1.12598e-06
1.11717e-06
1.10839e-06
1.09965e-06
1.09094e-06
1.08227e-06
1.07363e-06
1.06502e-06
1.05644e-06
1.0479e-06
1.0394e-06
1.03092e-06
1.02248e-06
1.01407e-06
1.0057e-06
9.97358e-07
9.89051e-07
9.80778e-07
9.72538e-07
9.64332e-07
9.5616e-07
9.48021e-07
9.39916e-07
9.31845e-07
9.23807e-07
9.15803e-07
9.07833e-07
8.99897e-07
8.91994e-07
8.84125e-07
8.7629e-07
8.68489e-07
8.60722e-07
8.52988e-07
8.45289e-07
8.37623e-07
8.29992e-07
8.22394e-07
8.1483e-07
8.07301e-07
7.99805e-07
7.92343e-07
7.84915e-07
7.77522e-07
7.70162e-07
7.62837e-07
7.55546e-07
7.48288e-07
7.41065e-07
7.33877e-07
7.26722e-07
7.19601e-07
7.12515e-07
7.05463e-07
6.98445e-07
6.91462e-07
6.84512e-07
6.77597e-07
6.70717e-07
6.6387e-07
6.57058e-07
6.50281e-07
6.43538e-07
6.36829e-07
6.30154e-07
6.23514e-07
6.16909e-07
6.10337e-07
6.03801e-07
5.97299e-07
5.90831e-07
5.84398e-07
5.77999e-07
5.71635e-07
5.65306e-07
5.59011e-07
5.5275e-07
5.46524e-07
5.40333e-07
5.34177e-07
5.28055e-07
5.21968e-07
5.15915e-07
5.09898e-07
5.03914e-07
4.97966e-07
4.92052e-07
4.86174e-07
4.80329e-07
4.7452e-07
4.68745e-07
4.63006e-07
4.57301e-07
4.51631e-07
4.45995e-07
4.40395e-07
4.34829e-07
4.29299e-07
4.23803e-07
4.18342e-07
4.12916e-07
4.07525e-07
4.02169e-07
3.96848e-07
3.91562e-07
3.86311e-07
3.81095e-07
3.75913e-07
3.70767e-07
3.65656e-07
3.6058e-07
3.55539e-07
3.50533e-07
3.45563e-07
3.40627e-07
3.35726e-07
3.30861e-07
3.2603e-07
3.21235e-07
3.16475e-07
3.1175e-07
3.0706e-07
3.02406e-07
2.97786e-07
2.93202e-07
2.88653e-07
2.8414e-07
2.79661e-07
2.75218e-07
2.7081e-07
2.66437e-07
2.621e-07
2.57798e-07
2.53531e-07
2.49299e-07
2.45103e-07
2.40942e-07
2.36817e-07
2.32726e-07
2.28672e-07
2.24652e-07
2.20668e-07
2.16719e-07
2.12806e-07
2.08928e-07
2.05086e-07
2.01279e-07
1.97507e-07
1.93771e-07
1.9007e-07
1.86405e-07
1.82775e-07
1.79181e-07
1.75622e-07
1.72099e-07
1.68611e-07
1.65158e-07
1.61742e-07
1.5836e-07
1.55015e-07
1.51704e-07
1.4843e-07
1.45191e-07
1.41987e-07
1.38819e-07
1.35687e-07
1.3259e-07
1.29529e-07
1.26503e-07
1.23513e-07
1.20559e-07
1.1764e-07
1.14757e-07
1.11909e-07
1.09097e-07
1.06321e-07
1.03581e-07
1.00876e-07
9.82065e-08
9.5573e-08
9.29751e-08
9.04129e-08
8.78864e-08
8.53957e-08
8.29406e-08
8.05212e-08
7.81376e-08
7.57897e-08
7.34775e-08
7.1201e-08
6.89603e-08
6.67553e-08
6.45861e-08
6.24526e-08
6.03549e-08
5.8293e-08
5.62668e-08
5.42764e-08
5.23218e-08
5.04029e-08
4.85199e-08
4.66726e-08
4.48611e-08
4.30855e-08
4.13456e-08
3.96416e-08
3.79733e-08
3.63409e-08
3.47443e-08
3.31835e-08
3.16586e-08
3.01695e-08
2.87162e-08
2.72988e-08
2.59172e-08
2.45714e-08
2.32615e-08
2.19875e-08
2.07493e-08
1.95469e-08
1.83804e-08
1.72498e-08
1.61551e-08
1.50962e-08
1.40732e-08
1.30861e-08
1.21348e-08
1.12194e-08
1.03399e-08
9.49629e-09
8.68855e-09
7.9167e-09
7.18074e-09
6.48067e-09
5.81648e-09
5.1882e-09
4.5958e-09
4.0393e-09
3.5187e-09
3.034e-09
2.5852e-09
2.17229e-09
1.79529e-09
1.45419e-09
1.14899e-09
8.79701e-10
6.46313e-10
4.48829e-10
2.87251e-10
1.61579e-10
7.1813e-11
1.79533e-11
