24292
25615
26853
27968
28991
29887
30667
31338
31866
32291
32571
32735
32761
32668
32437
32088
31604
31002
30277
29428
28477
27391
26226
24930
23559
22080
20523
18880
17166
15384
13541
11644
9705
7721
5715
3679
1634
-421
-2470
-4518
-6534
-8541
-10501
-12425
-14305
-16118
-17876
-19564
-21165
-22702
-24124
-25480
-26708
-27856
-28874
-29792
-30587
-31265
-31815
-32249
-32542
-32726
-32766
-32681
-32474
-32128
-31670
-31077
-30361
-29538
-28579
-27531
-26356
-25088
-23716
-22254
-20702
-19072
-17365
-15588
-13754
-11863
-9926
-7949
-5945
-3909
-1870
190
2236
4286
6307
8313
10282
12209
14093
15915
17679
19378
20985
22533
23968
25326
26582
27721
28773
29686
30509
31188
31765
32201
32519
32710
32764
32705
32496
32183
31721
31153
30450
29633
28700
27652
26495
25238
23875
22427
20882
19261
17562
15793
13967
12078
10149
8178
6168
4148
2097
47
-2003
-4056
-6076
-8091
-10054
-11996
-13879
-15712
-17485
-19184
-20811
-22357
-23813
-25176
-26443
-27600
-28654
-29595
-30414
-31125
-31697
-32165
-32483
-32700
-32762
-32718
-32528
-32221
-31783
-31222
-30536
-29734
-28809
-27777
-26633
-25383
-24038
-22594
-21062
-19449
-17759
-15997
-14177
-12296
-10371
-8400
-6403
-4374
-2333
-282
1777
3816
5854
7856
9840
11773
13671
15504
17287
18995
20631
22183
23654
25025
26305
27474
28539
29493
30330
31045
31644
32113
32458
32678
32764
32727
32557
32265
31835
31295
30618
29832
28920
27900
26768
25531
24196
22760
21243
19635
17955
16202
14385
12514
10589
8629
6630
4605
2568
509
-1534
-3593
-5617
-7636
-9612
-11558
-13456
-15301
-17084
-18809
-20443
-22018
-23486
-24878
-26161
-27348
-28424
-29390
-30240
-30972
-31581
-32066
-32425
-32660
-32760
-32740
-32580
-32305
-31891
-31363
-30701
-29927
-29029
-28022
-26902
-25677
-24352
-22930
-21417
-19824
-18149
-16403
-14596
-12728
-10811
-8854
-6856
-4839
-2798
-746
1305
3358
5390
7406
9389
11340
13242
15095
16887
18612
20266
21841
23324
24727
26015
27225
28302
29290
30148
30894
31518
32018
32391
32639
32755
32748
32605
32344
31943
31430
30780
30023
29137
28142
27034
25821
24508
23095
21597
20004
18348
16601
14807
12941
11032
9079
7083
5073
3025
985
-1077
-3120
-5163
-7177
-9165
-11124
-13022
-14894
-16680
-18425
-20079
-21667
-23159
-24574
-25874
-27091
-28188
-29179
-30061
-30811
-31457
-31966
-32355
-32617
-32749
-32754
-32631
-32374
-32002
-31488
-30868
-30108
-29246
-28262
-27162
-25970
-24655
-23267
-21766
-20195
-18534
-16807
-15012
-13156
-11254
-9297
-7318
-5296
-3265
-1212
840
2891
4929
6951
8941
10901
12813
14680
16481
18234
19888
21498
22989
24418
25734
26956
28068
29077
29958
30741
31384
31916
32319
32590
32744
32759
32649
32415
32044
31558
30941
30202
29351
28375
27298
26106
24812
23430
21938
20380
18725
17008
15217
13374
11466
9529
7537
5534
3491
1449
-607
-2659
-4697
-6723
-8719
-10676
-12601
-14467
-16286
-18031
-19711
-21311
-22831
-24256
-25593
-26818
-27953
-28960
-29872
-30652
-31320
-31862
-32276
-32570
-32730
-32766
-32667
-32448
-32093
-31618
-31020
-30288
-29459
-28486
-27431
-26242
-24968
-23589
-22112
-20564
-18913
-17211
-15421
-13586
-11685
-9753
-7763
-5765
-3721
-1685
377
2423
4470
6491
8493
10457
12385
14259
16079
17839
19521
21136
22663
24096
25448
26685
27826
28856
29770
30572
31248
31808
32235
32544
32717
32767
32685
32479
32141
31679
31091
30382
29553
28609
27552
26384
25119
23747
22289
20740
19106
17408
15627
13798
11905
9969
7997
5987
3960
1914
-145
-2187
-4242
-6260
-8268
-10237
-12166
-14051
-15874
-17642
-19334
-20957
-22492
-23941
-25296
-26550
-27703
-28743
-29675
-30484
-31180
-31747
-32198
-32510
-32708
-32766
-32703
-32509
-32183
-31740
-31163
-30469
-29654
-28720
-27678
-26524
-25265
-23910
-22458
-20920
-19299
-17599
-15838
-14003
-12127
-10192
-8221
-6219
-4188
-2146
-97
1963
4003
6035
8043
10011
11953
13834
15675
17442
19147
20776
22320
23784
25145
26415
27574
28634
29571
30402
31104
31691
32150
32486
32687
32767
32716
32535
32232
31791
31239
30551
29754
28833
27800
26662
25412
24069
22628
21100
19483
17803
16033
14222
12338
10414
8449
6444
4424
2378
326
-1724
-3778
-5800
-7817
-9791
-11733
-13626
-15465
-17246
-18956
-20596
-22149
-23621
-24996
-26275
-27448
-28518
-29473
-30310
-31033
-31629
-32104
-32454
-32672
-32764
-32729
-32564
-32269
-31851
-31306
-30635
-29852
-28942
-27922
-26800
-25555
-24232
-22790
-21282
-19669
-17998
-16237
-14432
-12553
-10636
-8674
-6673
-4655
-2610
-562
1495
3539
5577
7587
9569
11513
13415
15258
17049
18764
20414
21977
23458
24845
26134
27323
28398
29374
30218
30959
31566
32058
32418
32659
32753
32747
32582
32314
31902
31375
30719
29945
29051
28047
26925
25712
24378
22967
21450
19862
18186
16447
14635
12772
10856
8896
6905
4882
2847
792
-1260
-3308
-5348
-7355
-9351
-11291
-13201
-15054
-16845
-18575
-20229
-21804
-23296
-24689
-25995
-27191
-28284
-29266
-30132
-30876
-31508
-32006
-32383
-32639
-32749
-32755
-32605
-32355
-31950
-31445
-30797
-30040
-29159
-28166
-27058
-25855
-24534
-23132
-21628
-20044
-18383
-16646
-14845
-12985
-11078
-9118
-7136
-5112
-3077
-1029
1029
3075
5116
7130
9125
11072
12989
14842
16648
18382
20044
21631
23127
24539
25850
27062
28164
29161
30036
30802
31439
31957
32349
32610
32750
32753
32636
32384
32007
31506
30878
30131
29264
28288
27187
25998
24687
23298
21801
20233
18570
16851
15048
13205
11290
9350
7357
5346
3309
1260
-794
-2843
-4886
-6901
-8901
-10851
-12775
-14635
-16445
-18188
-19859
-21454
-22964
-24382
-25707
-26928
-28046
-29052
-29945
-30718
-31376
-31901
-32313
-32588
-32737
-32765
-32649
-32425
-32052
-31572
-30953
-30224
-29369
-28401
-27322
-26134
-24845
-23457
-21979
-20412
-18766
-17048
-15256
-13418
-11510
-9572
-7585
-5576
-3540
-1496
562
2611
4653
6677
8672
10633
12559
14425
16244
17994
19670
21282
22790
24233
25555
26799
27921
28946
29847
30640
31303
31850
32273
32560
32731
32764
32671
32455
32102
31632
31030
30313
29471
28516
27454
26269
25001
23616
22153
20593
18960
17242
15468
13626
11731
9793
7814
5805
3773
1729
-331
-2377
-4420
-6453
-8438
-10422
-12335
-14221
-16037
-17799
-19485
-21100
-22628
-24067
-25414
-26662
-27798
-28838
-29745
-30561
-31231
-31796
-32230
-32533
-32720
-32767
-32687
-32487
-32148
-31691
-31109
-30393
-29581
-28625
-27580
-26412
-25146
-23783
-22321
-20776
-19146
-17444
-15671
-13839
-11949
-10015
-8040
-6035
-4005
-1960
94
2146
4190
6217
8223
10192
12123
14007
15836
17600
19300
20918
22458
23912
25263
26525
27677
28720
29655
30467
31166
31735
32189
32505
32703
32767
32704
32515
32194
31749
31177
30489
29670
28747
27700
26550
25297
23942
22490
20958
19333
17642
15878
14045
12172
10231
8272
6259
4241
2190
142
-1915
-3957
-5992
-7989
-9978
-11899
-13801
-15628
-17403
-19112
-20737
-22289
-23748
-25116
-26387
-27551
-28609
-29552
-30383
-31090
-31680
-32139
-32481
-32683
-32768
-32717
-32542
-32239
-31803
-31253
-30567
-29775
-28853
-27827
-26687
-25442
-24103
-22658
-21138
-19519
-17842
-16076
-14262
-12382
-10459
-8491
-6495
-4464
-2431
-370
1679
3726
5763
7763
9752
11685
13586
15425
17203
18923
20554
22120
23585
24966
26248
27425
28492
29454
30291
31018
31619
32093
32449
32665
32767
32728
32570
32279
31858
31323
30650
29871
28964
27949
26821
25590
24258
22829
21314
19708
18034
16282
14471
12598
10680
8715
6725
4695
2663
603
-1444
-3498
-5526
-7546
-9519
-11475
-13366
-15224
-17002
-18732
-20371
-21947
-23423
-24816
-26104
-27299
-28373
-29355
-30198
-30944
-31555
-32048
-32411
-32653
-32756
-32744
-32593
-32316
-31918
-31384
-30737
-29964
-29072
-28070
-26958
-25730
-24420
-22990
-21494
-19894
-18229
-16483
-14678
-12817
-10896
-8946
-6948
-4928
-2894
-837
1211
3263
5300
7313
9304
11246
13162
15008
16808
18536
20191
21769
23263
24659
25968
27162
28263
29242
30114
30864
31489
32001
32374
32632
32753
32751
32615
32356
31967
31453
30816
30058
29178
28192
27086
25879
24569
23162
21662
20087
18416
16689
14886
13027
11121
9166
7178
5163
3119
1078
-986
-3025
-5071
-7086
-9077
-11031
-12945
-14800
-16610
-18341
-20007
-21598
-23091
-24512
-25817
-27039
-28139
-29138
-30021
-30781
-31431
-31943
-32342
-32607
-32747
-32755
-32642
-32386
-32023
-31513
-30898
-30149
-29283
-28312
-27214
-26024
-24722
-23327
-21837
-20270
-18609
-16889
-15094
-13241
-11342
-9386
-7410
-5387
-3357
-1309
753
2790
4844
6855
8854
10812
12727
14595
16404
18151
19820
21421
22928
24351
25680
26899
28024
29028
29928
30700
31364
31889
32307
32579
32741
32758
32661
32425
32067
31581
30969
30244
29387
28427
27344
26167
24871
23494
22010
20450
18804
17087
15301
13456
11557
9615
7629
5627
3582
1544
-514
-2569
-4601
-6635
-8624
-10593
-12511
-14387
-16201
-17954
-19638
-21239
-22764
-24195
-25529
-26772
-27895
-28927
-29825
-30625
-31287
-31844
-32257
-32563
-32722
-32768
-32674
-32459
-32115
-31640
-31051
-30325
-29496
-28536
-27478
-26303
-25025
-23654
-22184
-20629
-19000
-17279
-15512
-13665
-11778
-9836
-7858
-5853
-3817
-1777
285
2328
4379
6399
8402
10371
12295
14178
15996
17760
19448
21062
22596
24035
25385
26634
27775
28812
29732
30537
31220
31787
32215
32536
32709
32767
32690
32493
32155
31706
31119
30416
29596
28651
27604
26440
25176
23815
22354
20814
19184
17482
15714
13877
11997
10057
8086
6082
4048
2009
-47
-2101
-4143
-6171
-8179
-10146
-12081
-13965
-15792
-17564
-19260
-20884
-22424
-23877
-25237
-26495
-27655
-28694
-29640
-30445
-31155
-31722
-32179
-32501
-32700
-32767
-32708
-32520
-32202
-31762
-31191
-30505
-29691
-28769
-27724
-26580
-25324
-23975
-22524
-20995
-19369
-17683
-15916
-14091
-12213
-10277
-8315
-6307
-4285
-2239
-186
1865
3915
5940
7952
9924
11864
13754
15587
17368
19066
20709
22249
23720
25085
26359
27525
28588
29530
30367
31075
31668
32130
32473
32683
32767
32721
32547
32245
31819
31262
30589
29788
28881
27848
26715
25473
24131
22694
21173
19558
17878
16122
14297
12433
10495
8545
6532
4519
2470
418
-1628
-3685
-5711
-7724
-9704
-11644
-13540
-15384
-17167
-18880
-20523
-22082
-23553
-24937
-26220
-27397
-28473
-29430
-30275
-31004
-31604
-32087
-32437
-32668
-32763
-32732
-32576
-32282
-31877
-31330
-30671
-29888
-28986
-27973
-26851
-25615
-24292
-22862
-21348
-19748
-18071
-16323
-14513
-12641
-10723
-8763
-6767
-4746
-2703
-654
1400
3447
5486
7493
9483
11424
13330
15175
16970
18684
20345
21905
23394
24784
26077
27271
28353
29331
30181
30932
31536
32044
32400
32649
32759
32742
32600
32322
31928
31398
30754
29982
29093
28097
26978
25766
24445
23029
21525
19934
18265
16525
14721
12856
10945
8987
6994
4978
2935
889
-1168
-3216
-5253
-7269
-9256
-11207
-13115
-14970
-16766
-18498
-20155
-21735
-23229
-24629
-25936
-27141
-28235
-29226
-30091
-30850
-31477
-31989
-32369
-32627
-32751
-32752
-32622
-32360
-31982
-31460
-30838
-30071
-29206
-28210
-27114
-25909
-24598
-23197
-21699
-20118
-18460
-16724
-14931
-13070
-11164
-9211
-7223
-5207
-3172
-1115
927
2991
5016
7043
9033
10986
12902
14761
16566
18303
19972
21560
23061
24479
25790
27010
28117
29117
30001
30769
31411
31938
32333
32602
32746
32755
32645
32397
32028
31530
30910
30167
29309
28329
27245
26049
24754
23360
21873
20304
18648
16931
15133
13286
11384
9432
7455
5433
3405
1353
-702
-2748
-4794
-6813
-8805
-10772
-12678
-14561
-16358
-18114
-19784
-21382
-22898
-24319
-25649
-26876
-27996
-29008
-29908
-30686
-31347
-31883
-32293
-32579
-32736
-32762
-32663
-32432
-32075
-31595
-30985
-30259
-29411
-28446
-27376
-26186
-24911
-23518
-22050
-20486
-18839
-17131
-15339
-13499
-11603
-9656
-7679
-5667
-3633
-1590
471
2515
4564
6582
8582
10548
12469
14344
16161
17915
19600
21203
22732
24162
25502
26742
27874
28900
29810
30606
31276
31828
32256
32549
32727
32765
32679
32466
32123
31654
31062
30346
29514
28562
27501
26331
25055
23687
22218
20666
19035
17323
15550
13711
11818
9881
7907
5892
3872
1815
-229
-2291
-4324
-6362
-8350
-10331
-12248
-14139
-15954
-17721
-19412
-21024
-22564
-24000
-25361
-26599
-27758
-28784
-29713
-30524
-31199
-31784
-32199
-32536
-32702
-32768
-32692
-32501
-32163
-31719
-31130
-30438
-29612
-28677
-27627
-26467
-25209
-23842
-22394
-20844
-19225
-17521
-15754
-13922
-12039
-10100
-8134
-6124
-4099
-2054
3
2050
4100
6125
8130
10107
12032
13928
15748
17527
19219
20850
22388
23848
25205
26469
27627
28676
29614
30434
31135
31715
32167
32497
32697
32764
32717
32518
32217
31769
31209
30519
29713
28789
27750
26608
25353
24004
22565
21022
19415
17717
15957
14137
12249
10329
8354
6358
4329
2284
235
-1821
-3866
-5894
-7908
-9879
-11821
-13711
-15546
-17328
-19030
-20670
-22217
-23686
-25056
-26330
-27502
-28561
-29515
-30345
-31062
-31655
-32122
-32466
-32679
-32767
-32721
-32554
-32253
-31830
-31275
-30607
-29807
-28902
-27874
-26741
-25503
-24163
-22727
-21208
-19597
-17918
-16159
-14344
-12468
-10550
-8580
-6587
-4557
-2521
-466
1587
3634
5667
7679
9656
11604
13496
15344
17126
18844
20482
22050
23520
24909
26189
27373
28448
29410
30260
30984
31595
32075
32432
32664
32761
32736
32579
32292
31886
31343
30690
29904
29011
27996
26875
25649
24320
22896
21384
19785
18110
16364
14554
12683
10770
8805
6814
4792
2751
699
-1353
-3402
-5437
-7450
-9437
-11381
-13287
-15134
-16928
-18650
-20303
-21875
-23359
-24753
-26049
-27244
-28332
-29308
-30166
-30910
-31532
-32026
-32400
-32641
-32757
-32747
-32602
-32333
-31935
-31414
-30767
-30005
-29112
-28121
-27006
-25793
-24477
-23063
-21557
-19976
-18297
-16572
-14757
-12904
-10985
-9034
-7038
-5026
-2981
-935
1119
3174
5201
7230
9205
11168
13068
14931
16725
18461
20116
21700
23198
24595
25913
27109
28216
29199
30079
30827
31473
31970
32369
32616
32753
32753
32625
32372
31984
31481
30847
30094
29224
28236
27139
25937
24631
23227
21735
20155
18498
16767
14970
13115
11204
9260
7266
5256
3213
1170
-891
-2933
-4979
-6994
-8988
-10943
-12857
-14720
-16526
-18265
-19935
-21523
-23030
-24444
-25765
-26982
-28094
-29094
-29983
-30749
-31406
-31919
-32331
-32593
-32746
-32759
-32646
-32406
-32035
-31546
-30923
-30190
-29323
-28359
-27265
-26083
-24780
-23395
-21906
-20341
-18690
-16965
-15178
-13327
-11428
-9479
-7497
-5481
-3451
-1397
649
2708
4744
6767
8765
10719
12646
14508
16326
18069
19751
21344
22866
24288
25618
26850
27973
28984
29893
30664
31339
31867
32290
32571
32735
32762
32667
32437
32090
31601
31004
30276
29430
28473
27397
26218
24939
23551
22086
20518
18883
17165
15384
13540
11647
9701
7724
5714
3679
1634
-419
-2475
-4510
-6543
-8534
-10504
-12426
-14302
-16121
-17875
-19561
-21172
-22693
-24134
-25470
-26716
-27850
-28878
-29791
-30586
-31266
-31815
-32247
-32546
-32723
-32765
-32685
-32469
-32134
-31665
-31077
-30366
-29530
-28590
-27521
-26363
-25083
-23719
-22253
-20703
-19071
-17366
-15587
-13755
-11861
-9927
-7948
-5947
-3907
-1871
190
2238
4283
6308
8316
10277
12212
14093
15912
17686
19368
20996
22523
23976
25322
26581
27724
28769
29692
30503
31193
31759
32206
32516
32712
32761
32704
32498
32181
31722
31151
30453
29631
28701
27652
26494
25239
23877
22422
20887
19257
17564
15794
13965
12079
10149
8175
6173
4145
2097
49
-2008
-4051
-6079
-8088
-10058
-11993
-13881
-15712
-17482
-19187
-20809
-22357
-23814
-25175
-26444
-27598
-28656
-29593
-30416
-31122
-31702
-32160
-32489
-32693
-32765
-32715
-32532
-32218
-31786
-31218
-30539
-29732
-28811
-27777
-26634
-25381
-24039
-22594
-21062
-19450
-17759
-15996
-14180
-12292
-10371
-8404
-6398
-4381
-2326
-283
1773
3821
5848
7863
9835
11777
13666
15509
17285
18995
20631
22184
23654
25024
26306
27471
28543
29491
30329
31049
31638
32119
32454
32680
32764
32727
32555
32268
31833
31296
30619
29828
28924
27898
26769
25531
24194
22763
21242
19635
17956
16198
14390
12510
10593
8625
6633
4603
2568
514
-1543
-3584
-5624
-7632
-9613
-11557
-13458
-15298
-17091
-18799
-20453
-22011
-23490
-24877
-26159
-27352
-28421
-29392
-30239
-30971
-31583
-32064
-32428
-32656
-32765
-32733
-32587
-32300
-31896
-31359
-30702
-29927
-29028
-28026
-26898
-25679
-24350
-22932
-21416
-19825
-18147
-16405
-14595
-12729
-10809
-8856
-6855
-4839
-2798
-746
1305
3358
5390
7406
9389
11341
13241
15096
16885
18614
20266
21838
23329
24720
26025
27214
28311
29282
30154
30892
31519
32017
32390
32640
32755
32749
32606
32340
31946
31427
30786
30018
29140
28137
27041
25816
24512
23092
21597
20007
18343
16606
14804
12942
11034
9074
7089
5066
3033
977
-1070
-3126
-5160
-7177
-9167
-11121
-13024
-14895
-16677
-18427
-20078
-21666
-23163
-24568
-25879
-27088
-28188
-29182
-30056
-30818
-31450
-31970
-32353
-32619
-32748
-32754
-32631
-32375
-32002
-31485
-30871
-30106
-29250
-28256
-27168
-25963
-24663
-23261
-21768
-20195
-18533
-16808
-15011
-13158
-11250
-9303
-7312
-5300
-3263
-1213
840
2891
4930
6950
8942
10899
12816
14676
16488
18224
19900
21486
22998
24413
25736
26955
28070
29073
29964
30735
31387
31915
32319
32590
32745
32755
32656
32409
32047
31557
30940
30204
29349
28379
27293
26110
24810
23429
21940
20379
18725
17010
15215
13373
11469
9525
7542
5529
3494
1449
-610
-2657
-4698
-6722
-8720
-10674
-12605
-14465
-16284
-18035
-19706
-21316
-22827
-24259
-25589
-26822
-27948
-28966
-29868
-30652
-31321
-31860
-32280
-32566
-32734
-32761
-32671
-32445
-32095
-31619
-31016
-30294
-29452
-28493
-27424
-26249
-24962
-23593
-22111
-20561
-18918
-17206
-15425
-13583
-11689
-9746
-7770
-5760
-3725
-1682
376
2424
4468
6493
8494
10455
12387
14256
16082
17838
19521
21137
22659
24103
25440
26690
27823
28859
29768
30572
31249
31806
32238
32541
32719
32766
32686
32478
32141
31679
31091
30382
29552
28612
27547
26389
25116
23747
22291
20737
19109
17406
15629
13797
11904
9971
7996
5987
3962
1909
-137
-2196
-4233
-6267
-8265
-10235
-12172
-14043
-15882
-17634
-19341
-20952
-22495
-23939
-25297
-26550
-27704
-28740
-29677
-30482
-31184
-31744
-32199
-32509
-32709
-32765
-32704
-32505
-32189
-31736
-31165
-30467
-29655
-28720
-27680
-26520
-25269
-23906
-22462
-20916
-19302
-17597
-15839
-14004
-12124
-10195
-8217
-6223
-4184
-2151
-91
1959
4004
6036
8041
10014
11950
13838
15669
17447
19144
20778
22320
23783
25145
26415
27576
28630
29576
30398
31106
31691
32150
32484
32690
32765
32718
32534
32232
31791
31238
30554
29749
28838
27795
26666
25409
24071
22627
21099
19486
17799
16036
14222
12334
10421
8443
6447
4424
2375
332
-1730
-3772
-5807
-7811
-9795
-11729
-13630
-15462
-17249
-18954
-20596
-22152
-23616
-25002
-26268
-27455
-28514
-29475
-30308
-31034
-31628
-32107
-32450
-32675
-32763
-32730
-32562
-32270
-31852
-31302
-30643
-29842
-28950
-27918
-26799
-25559
-24227
-22795
-21279
-19670
-17997
-16239
-14429
-12557
-10632
-8678
-6669
-4658
-2609
-560
1490
3545
5571
7592
9564
11519
13409
15262
17046
18764
20418
21972
23462
24842
26135
27323
28400
29370
30221
30958
31567
32056
32422
32651
32764
32736
32592
32306
31909
31369
30722
29944
29052
28045
26930
25705
24383
22964
21452
19860
18189
16443
14639
12770
10854
8900
6902
4886
2843
795
-1262
-3309
-5344
-7361
-9343
-11298
-13199
-15053
-16847
-18573
-20231
-21803
-23295
-24692
-25992
-27193
-28283
-29267
-30129
-30881
-31503
-32008
-32386
-32631
-32759
-32745
-32614
-32346
-31959
-31439
-30799
-30040
-29158
-28166
-27062
-25848
-24541
-23126
-21632
-20044
-18382
-16645
-14847
-12984
-11079
-9117
-7135
-5114
-3077
-1027
1028
3076
5115
7131
9124
11074
12986
14847
16642
18388
20039
21634
23126
24541
25847
27063
28165
29159
30041
30796
31443
31955
32348
32614
32746
32757
32633
32384
32009
31503
30881
30129
29268
28280
27196
25989
24698
23287
21812
20221
18582
16841
15057
13197
11296
9347
7356
5352
3300
1268
-800
-2839
-4887
-6903
-8897
-10857
-12769
-14640
-16440
-18193
-19855
-21457
-22962
-24382
-25707
-26929
-28044
-29053
-29945
-30719
-31373
-31905
-32308
-32591
-32737
-32763
-32652
-32421
-32055
-31570
-30955
-30224
-29367
-28403
-27320
-26135
-24846
-23456
-21980
-20410
-18768
-17045
-15262
-13411
-11515
-9570
-7585
-5578
-3539
-1494
560
2612
4654
6673
8676
10631
12559
14426
16243
17993
19673
21275
22801
24219
25568
26789
27927
28943
29849
30637
31306
31850
32269
32566
32725
32767
32670
32454
32103
31632
31029
30316
29468
28521
27445
26279
24994
23620
22153
20592
18957
17248
15463
13628
11731
9793
7813
5806
3773
1726
-326
-2379
-4423
-6446
-8447
-10415
-12338
-14221
-16035
-17801
-19483
-21101
-22626
-24070
-25412
-26661
-27801
-28833
-29752
-30555
-31233
-31797
-32228
-32537
-32716
-32767
-32689
-32486
-32146
-31696
-31101
-30403
-29571
-28632
-27576
-26414
-25147
-23780
-22325
-20772
-19148
-17445
-15668
-13844
-11942
-10020
-8038
-6035
-4006
-1958
92
2148
4187
6221
8219
10195
12121
14009
15832
17605
19295
20922
22456
23911
25264
26526
27676
28720
29658
30461
31173
31730
32191
32505
32703
32767
32704
32514
32195
31746
31184
30480
29678
28741
27703
26551
25296
23939
22496
20951
19340
17638
15878
14048
12166
10238
8266
6264
4238
2189
144
-1916
-3955
-5993
-7993
-9972
-11904
-13796
-15632
-17402
-19111
-20738
-22288
-23751
-25114
-26387
-27552
-28607
-29556
-30379
-31093
-31678
-32142
-32478
-32684
-32768
-32713
-32550
-32229
-31813
-31243
-30575
-29770
-28855
-27827
-26685
-25447
-24095
-22667
-21130
-19527
-17834
-16083
-14256
-12388
-10453
-8497
-6489
-4470
-2424
-375
1681
3724
5764
7765
9749
11690
13579
15430
17201
18923
20556
22118
23586
24967
26245
27427
28491
29456
30290
31018
31619
32093
32448
32668
32764
32732
32568
32278
31863
31316
30657
29865
28968
27947
26824
25586
24262
22825
21316
19709
18032
16286
14465
12602
10678
8718
6721
4701
2654
612
-1452
-3491
-5532
-7539
-9527
-11468
-13375
-15212
-17012
-18724
-20378
-21944
-23424
-24813
-26108
-27294
-28379
-29350
-30201
-30944
-31552
-32050
-32412
-32648
-32765
-32733
-32603
-32308
-31925
-31377
-30744
-29957
-29078
-28068
-26955
-25736
-24413
-22997
-21488
-19897
-18228
-16485
-14677
-12816
-10897
-8944
-6951
-4928
-2892
-840
1214
3262
5300
7312
9304
11248
13160
15009
16808
18536
20191
21772
23257
24666
25961
27168
28258
29247
30110
30866
31490
31997
32378
32631
32753
32750
32617
32352
31972
31450
30817
30058
29179
28190
27088
25877
24572
23159
21666
20083
18418
16689
14884
13031
11116
9172
7173
5164
3122
1072
-977
-3034
-5066
-7086
-9080
-11028
-12946
-14804
-16602
-18347
-20006
-21595
-23097
-24505
-25822
-27037
-28139
-29139
-30020
-30782
-31429
-31947
-32338
-32611
-32742
-32760
-32637
-32391
-32019
-31516
-30896
-30148
-29286
-28310
-27215
-26023
-24721
-23329
-21839
-20266
-18611
-16889
-15091
-13248
-11334
-9393
-7405
-5389
-3357
-1308
750
2795
4840
6856
8856
10807
12733
14591
16406
18149
19822
21419
22930
24350
25680
26898
28026
29027
29927
30703
31360
31893
32304
32581
32740
32759
32660
32424
32068
31581
30970
30242
29388
28425
27348
26163
24873
23494
22008
20452
18804
17085
15303
13454
11559
9612
7635
5617
3592
1538
-514
-2564
-4608
-6629
-8626
-10594
-12511
-14386
-16202
-17953
-19637
-21241
-22764
-24192
-25535
-26765
-27902
-28919
-29832
-30618
-31296
-31834
-32267
-32553
-32730
-32763
-32678
-32458
-32114
-31642
-31047
-30329
-29493
-28540
-27474
-26304
-25025
-23654
-22183
-20633
-18993
-17286
-15507
-13669
-11775
-9837
-7861
-5847
-3825
-1769
279
2330
4381
6394
8408
10366
12299
14175
15999
17757
19450
21062
22595
24036
25385
26632
27777
28810
29734
30536
31222
31782
32220
32533
32711
32767
32690
32491
32159
31702
31121
30417
29594
28651
27605
26439
25179
23810
22359
20808
19188
17483
15710
13884
11988
10064
8082
6083
4050
2007
-46
-2102
-4142
-6174
-8174
-10150
-12078
-13968
-15792
-17562
-19262
-20881
-22429
-23872
-25241
-26492
-27655
-28697
-29635
-30451
-31150
-31725
-32178
-32500
-32702
-32766
-32710
-32517
-32206
-31757
-31196
-30500
-29696
-28765
-27727
-26576
-25330
-23967
-22532
-20987
-19376
-17679
-15918
-14090
-12210
-10284
-8307
-6314
-4280
-2241
-186
1865
3916
5938
7955
9921
11866
13752
15589
17365
19070
20704
22254
23716
25086
26360
27523
28590
29529
30366
31077
31665
32134
32470
32684
32764
32721
32548
32244
31821
31259
30590
29790
28877
27853
26711
25474
24132
22693
21174
19556
17882
16115
14306
12422
10507
8534
6541
4513
2471
422
-1634
-3680
-5714
-7722
-9706
-11640
-13546
-15380
-17168
-18880
-20522
-22082
-23556
-24933
-26222
-27396
-28473
-29431
-30274
-31004
-31603
-32088
-32438
-32667
-32761
-32736
-32570
-32290
-31869
-31334
-30670
-29889
-28984
-27975
-26847
-25621
-24288
-22863
-21347
-19748
-18073
-16322
-14512
-12641
-10725
-8760
-6770
-4743
-2706
-654
1402
3445
5488
7491
9485
11422
13330
15177
16967
18690
20337
21911
23391
24784
26080
27265
28360
29323
30190
30923
31543
32040
32401
32651
32755
32745
32599
32323
31927
31399
30753
29981
29096
28094
26982
25763
24446
23027
21529
19929
18270
16521
14724
12855
10944
8988
6994
4978
2936
888
-1168
-3215
-5254
-7268
-9256
-11208
-13113
-14972
-16764
-18501
-20151
-21739
-23224
-24635
-25931
-27145
-28232
-29227
-30092
-30847
-31481
-31986
-32371
-32625
-32752
-32751
-32623
-32360
-31980
-31464
-30833
-30074
-29204
-28211
-27115
-25907
-24599
-23196
-21700
-20118
-18459
-16727
-14928
-13071
-11164
-9212
-7222
-5210
-3165
-1123
935
2982
5023
7040
9035
10984
12904
14758
16568
18303
19972
21559
23064
24472
25799
27002
28123
29113
30003
30767
31414
31937
32330
32607
32742
32758
32645
32392
32036
31522
30918
30161
29311
28329
27245
26049
24754
23359
21874
20303
18650
16929
15133
13288
11379
9439
7448
5440
3399
1355
-701
-2750
-4793
-6811
-8808
-10769
-12683
-14557
-16359
-18114
-19782
-21386
-22895
-24322
-25646
-26877
-27995
-29011
-29904
-30690
-31343
-31886
-32291
-32581
-32733
-32765
-32659
-32437
-32071
-31598
-30982
-30261
-29411
-28446
-27375
-26188
-24907
-23523
-22048
-20482
-18847
-17121
-15347
-13497
-11599
-9662
-7674
-5671
-3631
-1588
466
2521
4557
6587
8581
10547
12470
14343
16160
17917
19597
21208
22728
24162
25504
26739
27877
28900
29808
30607
31275
31829
32255
32549
32729
32761
32684
32461
32126
31653
31063
30346
29514
28561
27502
26330
25056
23686
22218
20667
19034
17324
15549
13708
11823
9877
7910
5892
3869
1818
-234
-2283
-4331
-6356
-8356
-10326
-12253
-14134
-15958
-17719
-19412
-21025
-22564
-24000
-25360
-26603
-27752
-28789
-29711
-30522
-31208
-31770
-32212
-32525
-32712
-32766
-32698
-32493
-32172
-31710
-31139
-30431
-29615
-28677
-27624
-26474
-25200
-23852
-22384
-20853
-19219
-17526
-15749
-13927
-12032
-10108
-8129
-6127
-4097
-2053
